0.0 1.2448902902008832 
0.01 1.2445043268655251 
0.02 1.2440214247575547 
0.03 1.243441617229089 
0.04 1.2427649476672622 
0.05 1.2419914694719691 
0.06 1.241121246027531 
0.07 1.240154350668714 
0.08 1.2390908666412834 
0.09 1.2379308870575458 
0.1 1.23667451484711 
0.11 1.2353218627035358 
0.12 1.233873053027203 
0.13 1.2323282178650596 
0.14 1.2306874988476815 
0.15 1.2289510471244356 
0.16 1.2271190232971243 
0.17 1.225191597352922 
0.18 1.2231689485970723 
0.19 1.2210512655860823 
0.2 1.2188387460618664 
0.21 1.2165315968875412 
0.22 1.2141300339852696 
0.23 1.2116342822767723 
0.24 1.209044575626805 
0.25 1.206361156790123 
0.26 1.2035842773622127 
0.27 1.2007141977340086 
0.28 1.1977511870508692 
0.29 1.1946955231758805 
0.3 1.1915474926576335 
0.31 1.188307390702332 
0.32 1.1849755211502646 
0.33 1.1815521964564608 
0.34 1.1780377376752096 
0.35000000000000003 1.174432474448333 
0.36 1.170736744996725 
0.37 1.1669508961147828 
0.38 1.1630752831673636 
0.39 1.1591102700886629 
0.4 1.155056229382547 
0.41000000000000003 1.1509135421238228 
0.42 1.146682597959765 
0.43 1.142363795111437 
0.44 1.1379575403741091 
0.45 1.1334642491162816 
0.46 1.1288843452766486 
0.47000000000000003 1.1242182613585046 
0.48 1.1194664384211213 
0.49 1.1146293260673759 
0.5 1.1097073824275419 
0.51 1.1047010741384289 
0.52 1.0996108763178127 
0.53 1.0944372725337357 
0.54 1.0891807547683843 
0.55 1.0838418233764198 
0.56 1.078420987037631 
0.5700000000000001 1.0729187627037806 
0.58 1.0673356755396954 
0.59 1.061672258858652 
0.6 1.0559290540520854 
0.61 1.050106610513911 
0.62 1.0442054855596177 
0.63 1.0382262443403527 
0.64 1.0321694597524393 
0.65 1.0260357123425503 
0.66 1.0198255902090598 
0.67 1.0135396888998867 
0.68 1.0071786113073578 
0.6900000000000001 1.0007429675605235 
0.7000000000000001 0.9942333749154528 
0.71 0.9876504576439371 
0.72 0.9809948469211877 
0.73 0.9742671807129416 
0.74 0.9674681036625394 
0.75 0.9605982669783943 
0.76 0.9536583283223199 
0.77 0.9466489516992426 
0.78 0.939570807348581 
0.79 0.9324245716377078 
0.8 0.9252109269579715 
0.81 0.9179305616233989 
0.8200000000000001 0.9105841697724787 
0.8300000000000001 0.9031724512732235 
0.84 0.8956961116317039 
0.85 0.888155861904144 
0.86 0.8805524186128098 
0.87 0.8728865036655675 
0.88 0.8651588442792805 
0.89 0.8573701729068425 
0.9 0.8495212271679476 
0.91 0.8416127497832615 
0.92 0.8336454885119603 
0.93 0.8256201960923994 
0.9400000000000001 0.8175376301855838 
0.9500000000000001 0.8093985533212095 
0.96 0.8012037328459592 
0.97 0.7929539408736336 
0.98 0.7846499542367841 
0.99 0.7762925544394353 
1.0 0.7678825276104465 
1.01 0.7594206644571255 
1.02 0.750907760218555 
1.03 0.7423446146183144 
1.04 0.733732031815992 
1.05 0.7250708203571963 
1.06 0.7163617931215166 
1.07 0.7076057672680713 
1.08 0.698803564178252 
1.09 0.689956009395258 
1.1 0.6810639325601412 
1.11 0.6721281673440048 
1.12 0.6631495513761269 
1.1300000000000001 0.6541289261677775 
1.1400000000000001 0.6450671370315747 
1.1500000000000001 0.6359650329962384 
1.16 0.6268234667166471 
1.17 0.6176432943792807 
1.18 0.6084253756029464 
1.19 0.5991705733349668 
1.2 0.5898797537429652 
1.21 0.5805537861024167 
1.22 0.571193542680229 
1.23 0.5617998986146264 
1.24 0.5523737317917011 
1.25 0.5429159227189916 
1.26 0.533427354396512 
1.27 0.5239089121856534 
1.28 0.5143614836764537 
1.29 0.5047859585537241 
1.3 0.4951832284624991 
1.31 0.4855541868733703 
1.32 0.47589972894816257 
1.33 0.46622075140649993 
1.34 0.4565181523936901 
1.35 0.4467928313504922 
1.36 0.4370456888850854 
1.37 0.4272776266477743 
1.3800000000000001 0.41748954720871423 
1.3900000000000001 0.4076823539390365 
1.4000000000000001 0.39785695089565826 
1.41 0.38801424270998414 
1.42 0.3781551344807259 
1.43 0.36828053167094793 
1.44 0.3583913400094104 
1.45 0.3484884653962547 
1.46 0.33857281381294363 
1.47 0.3286452912364398 
1.48 0.318706803557409 
1.49 0.3087582565022803 
1.5 0.2988005555589369 
1.51 0.2888346059057279 
1.52 0.278861312343491 
1.53 0.26888157923023454 
1.54 0.2588963104180755 
1.55 0.248906409192068 
1.56 0.23891277821044396 
1.57 0.2289163194458993 
1.58 0.2189179341274445 
1.59 0.2089185226824025 
1.6 0.19891898467815397 
1.61 0.18892021876319073 
1.62 0.17892312260711293 
1.6300000000000001 0.1689285928392099 
1.6400000000000001 0.15893752498528452 
1.6500000000000001 0.1489508134024349 
1.6600000000000001 0.13896935121153955 
1.67 0.1289940302272282 
1.68 0.11902574088516192 
1.69 0.10906537216651334 
1.7 0.09911381151955416 
1.71 0.08917194477832957 
1.72 0.07924065607842376 
1.73 0.06932082776989687 
1.74 0.0594133403274817 
1.75 0.049519072258199716 
1.76 0.039638900006582656 
1.77 0.029773697857723255 
1.78 0.019924337838414283 
1.79 0.010091689616663221 
1.8 0.00027662039989229077 
1.81 -0.009520005167843527 
1.82 -0.019297325109274177 
1.83 -0.029054480217611565 
1.84 -0.03879061416016198 
1.85 -0.04850487358149298 
1.86 -0.058196408205792055 
1.87 -0.06786437093807353 
1.8800000000000001 -0.07750791796388562 
1.8900000000000001 -0.08712620884721037 
1.9000000000000001 -0.09671840662624655 
1.9100000000000001 -0.10628367790680975 
1.92 -0.11582119295309369 
1.93 -0.1253301257755892 
1.94 -0.13480965421595462 
1.95 -0.144258960028714 
1.96 -0.15367722895964445 
1.97 -0.16306365082078503 
1.98 -0.1724174195620142 
1.99 -0.1817377333392022 
2.0 -0.19102379457894672 
2.0100000000000002 -0.20027481003996125 
2.02 -0.20948999087121528 
2.0300000000000002 -0.21866855266694155 
2.04 -0.22780971551865267 
2.05 -0.23691270406436957 
2.06 -0.24597674753524243 
2.07 -0.2550010797997861 
2.08 -0.26398493940597145 
2.09 -0.272927569621427 
2.1 -0.28182821847199657 
2.11 -0.2906861387789456 
2.12 -0.29950058819505027 
2.13 -0.30827082923987986 
2.14 -0.3169961293345033 
2.15 -0.3256757608359082 
2.16 -0.3343090010713679 
2.17 -0.3428951323729832 
2.18 -0.3514334421126463 
2.19 -0.35992322273761274 
2.2 -0.3683637718068549 
2.21 -0.37675439202838 
2.22 -0.3850943912976266 
2.23 -0.3933830827370496 
2.24 -0.4016197847369818 
2.25 -0.4098038209978273 
2.2600000000000002 -0.4179345205735798 
2.27 -0.42601121791669655 
2.2800000000000002 -0.4340332529242661 
2.29 -0.44199997098540306 
2.3000000000000003 -0.44991072302979473 
2.31 -0.4577648655772491 
2.32 -0.4655617607881236 
2.33 -0.47330077651443014 
2.34 -0.4809812863514493 
2.35 -0.48860266968965016 
2.36 -0.4961643117665998 
2.37 -0.5036656037187591 
2.38 -0.5111059426327695 
2.39 -0.5184847315960455 
2.4 -0.5258013797463887 
2.41 -0.5330553023203399 
2.42 -0.5402459207000316 
2.43 -0.5473726624582329 
2.44 -0.5544349614014271 
2.45 -0.5614322576105946 
2.46 -0.5683639974795452 
2.47 -0.5752296337505992 
2.48 -0.5820286255474476 
2.49 -0.5887604384050475 
2.5 -0.5954245442964526 
2.5100000000000002 -0.6020204216564929 
2.52 -0.6085475554022631 
2.5300000000000002 -0.6150054369504421 
2.54 -0.6213935642314012 
2.5500000000000003 -0.6277114417002421 
2.56 -0.633958580344824 
2.57 -0.6401344976909021 
2.58 -0.6462387178045761 
2.59 -0.6522707712922206 
2.6 -0.6582301952981443 
2.61 -0.6641165335001864 
2.62 -0.6699293361035922 
2.63 -0.6756681598333925 
2.64 -0.6813325679256257 
2.65 -0.6869221301177392 
2.66 -0.6924364226384099 
2.67 -0.6978750281972323 
2.68 -0.7032375359744996 
2.69 -0.708523541611413 
2.7 -0.713732647201041 
2.71 -0.7188644612803105 
2.72 -0.723918598823276 
2.73 -0.728894681235931 
2.74 -0.7337923363527689 
2.75 -0.7386111984352586 
2.7600000000000002 -0.7433509081724579 
2.77 -0.7480111126837667 
2.7800000000000002 -0.7525914655240267 
2.79 -0.7570916266909181 
2.8000000000000003 -0.761511262634729 
2.81 -0.7658500462703948 
2.82 -0.7701076569918297 
2.83 -0.7742837806883467 
2.84 -0.7783781097631288 
2.85 -0.7823903431534803 
2.86 -0.7863201863527328 
2.87 -0.7901673514335117 
2.88 -0.7939315570721683 
2.89 -0.797612528574037 
2.9 -0.801209997899264 
2.91 -0.8047237036888464 
2.92 -0.8081533912906471 
2.93 -0.8114988127849421 
2.94 -0.8147597270092384 
2.95 -0.8179358995820538 
2.96 -0.8210271029252534 
2.97 -0.8240331162847275 
2.98 -0.8269537257490425 
2.99 -0.8297887242658352 
3.0 -0.8325379116556642 
3.0100000000000002 -0.8352010946231474 
3.02 -0.8377780867651363 
3.0300000000000002 -0.8402687085758062 
3.04 -0.8426727874485263 
3.0500000000000003 -0.8449901576744331 
3.06 -0.8472206604377 
3.0700000000000003 -0.8493641438074158 
3.08 -0.8514204627262437 
3.09 -0.8533894789958815 
3.1 -0.8552710612594384 
3.11 -0.8570650849809792 
3.12 -0.8587714324223951 
3.13 -0.8603899926179087 
3.14 -0.8619206613464719 
3.15 -0.8633633411024116 
3.16 -0.8647179410647036 
3.17 -0.8659843770651854 
3.18 -0.8671625715562392 
3.19 -0.8682524535782288 
3.2 -0.869253958727234 
3.21 -0.8701670291234582 
3.22 -0.8709916133807488 
3.23 -0.8717276665776761 
3.24 -0.8723751502305597 
3.25 -0.8729340322688353 
3.2600000000000002 -0.8734042870131007 
3.27 -0.8737858951562432 
3.2800000000000002 -0.8740788437478101 
3.29 -0.874283126182008 
3.3000000000000003 -0.8743987421894057 
3.31 -0.8744256978325861 
3.3200000000000003 -0.8743640055057991 
3.33 -0.8742136839386084 
3.34 -0.8739747582036284 
3.35 -0.873647259728171 
3.36 -0.8732312263097154 
3.37 -0.8727267021349955 
3.38 -0.8721337378024991 
3.39 -0.8714523903480438 
3.4 -0.8706827232731015 
3.41 -0.8698248065755222 
3.42 -0.8688787167821849 
3.43 -0.8678445369831852 
3.44 -0.8667223568670285 
3.45 -0.8655122727563732 
3.46 -0.8642143876437962 
3.47 -0.8628288112270941 
3.48 -0.8613556599435873 
3.49 -0.8597950570029393 
3.5 -0.8581471324179958 
3.5100000000000002 -0.8564120230332312 
3.52 -0.8545898725502857 
3.5300000000000002 -0.8526808315503082 
3.54 -0.8506850575126252 
3.5500000000000003 -0.8486027148295727 
3.56 -0.8464339748170904 
3.5700000000000003 -0.8441790157209728 
3.58 -0.8418380227186093 
3.59 -0.8394111879160587 
3.6 -0.83689871034053 
3.61 -0.8343007959281993 
3.62 -0.8316176575075122 
3.63 -0.8288495147780907 
3.64 -0.8259965942854144 
3.65 -0.8230591293915877 
3.66 -0.8200373602424166 
3.67 -0.8169315337311756 
3.68 -0.8137419034594318 
3.69 -0.8104687296953191 
3.7 -0.8071122793297494 
3.71 -0.8036728258309151 
3.72 -0.8001506491976833 
3.73 -0.7965460359122297 
3.74 -0.7928592788925091 
3.75 -0.7890906774449462 
3.7600000000000002 -0.7852405372178219 
3.77 -0.781309170155862 
3.7800000000000002 -0.7772968944563453 
3.79 -0.7732040345272192 
3.8000000000000003 -0.7690309209474662 
3.81 -0.7647778904301444 
3.8200000000000003 -0.7604452857883043 
3.83 -0.7560334559040173 
3.84 -0.7515427557006866 
3.85 -0.7469735461188268 
3.86 -0.7423261940952569 
3.87 -0.7376010725458795 
3.88 -0.7327985603518962 
3.89 -0.7279190423494478 
3.9 -0.7229629093225189 
3.91 -0.7179305579989477 
3.92 -0.7128223910493019 
3.93 -0.7076388170883872 
3.94 -0.7023802506790873 
3.95 -0.697047112338156 
3.96 -0.6916398285437031 
3.97 -0.686158831743903 
3.98 -0.6806045603665601 
3.99 -0.6749774588291325 
4.0 -0.6692779775487901 
4.01 -0.663506572952044 
4.0200000000000005 -0.6576637074835685 
4.03 -0.6517498496137809 
4.04 -0.6457654738447512 
4.05 -0.6397110607140872 
4.0600000000000005 -0.633587096796373 
4.07 -0.6273940747018373 
4.08 -0.6211324930719173 
4.09 -0.6148028565714162 
4.1 -0.6084056758769711 
4.11 -0.6019414676616363 
4.12 -0.5954107545753352 
4.13 -0.5888140652210722 
4.14 -0.5821519341267302 
4.15 -0.5754249017124551 
4.16 -0.5686335142534965 
4.17 -0.5617783238385915 
4.18 -0.554859888323906 
4.19 -0.5478787712826346 
4.2 -0.5408355419503997 
4.21 -0.533730775166605 
4.22 -0.5265650513120101 
4.23 -0.519338956242733 
4.24 -0.5120530812209735 
4.25 -0.5047080228428488 
4.26 -0.497304382963593 
4.2700000000000005 -0.48984276862058895 
4.28 -0.4823237919545998 
4.29 -0.47474807012962383 
4.3 -0.4671162252518161 
4.3100000000000005 -0.4594288842879203 
4.32 -0.4516866789836574 
4.33 -0.4438902457825264 
4.34 -0.43604022574544976 
4.3500000000000005 -0.428137264471667 
4.36 -0.4201820120213536 
4.37 -0.4121751228402328 
4.38 -0.4041172556866547 
4.39 -0.3960090735613574 
4.4 -0.3878512436402492 
4.41 -0.3796444372103966 
4.42 -0.3713893296094539 
4.43 -0.3630866001685953 
4.44 -0.3547369321590905 
4.45 -0.3463410127425008 
4.46 -0.3378995329244924 
4.47 -0.32941318751213655 
4.48 -0.3208826750746092 
4.49 -0.31230869790702803 
4.5 -0.3036919619972206 
4.51 -0.29503317699512316 
4.5200000000000005 -0.28633305618445565 
4.53 -0.27759231645631904 
4.54 -0.2688116782843024 
4.55 -0.2599918657006706 
4.5600000000000005 -0.25113360627319475 
4.57 -0.24223763108215798 
4.58 -0.2333046746970868 
4.59 -0.22433547515274269 
4.6000000000000005 -0.21533077392394265 
4.61 -0.20629131589877028 
4.62 -0.19721784934978184 
4.63 -0.18811112590283505 
4.64 -0.17897190050321443 
4.65 -0.1698009313787548 
4.66 -0.1605989799997177 
4.67 -0.15136681103523084 
4.68 -0.14210519230614171 
4.69 -0.13281489473420025 
4.7 -0.12349669228752577 
4.71 -0.11415136192239013 
4.72 -0.10477968352137731 
4.73 -0.09538243982804692 
4.74 -0.08596041637826912 
4.75 -0.0765144014284544 
4.76 -0.06704518588092324 
4.7700000000000005 -0.05755356320671566 
4.78 -0.04804032936615725 
4.79 -0.038506282727535424 
4.8 -0.02895222398424045 
4.8100000000000005 -0.01937895607076112 
4.82 -0.00978728407791044 
4.83 -0.00017801516767156452 
4.84 0.009448041511959894 
4.8500000000000005 0.0190900749117686 
4.86 0.0287472721653956 
4.87 0.038418818672370486 
4.88 0.0481038981797947 
4.89 0.05780169286240358 
4.9 0.06751138340077155 
4.91 0.07723214905744592 
4.92 0.0869631677508612 
4.93 0.0967036161268898 
4.94 0.10645266962795642 
4.95 0.11620950255966031 
4.96 0.12597328815490877 
4.97 0.1357431986355833 
4.98 0.1455184052718121 
4.99 0.15529807843894727 
5.0 0.165081387672385 
5.01 0.17486750172038562 
5.0200000000000005 0.18465558859507547 
5.03 0.1944448156218524 
5.04 0.20423434948740152 
5.05 0.2140233562865723 
5.0600000000000005 0.22381100156835831 
5.07 0.23359645038123678 
5.08 0.24337886731811642 
5.09 0.25315741656115043 
5.1000000000000005 0.26293126192667016 
5.11 0.2726995669104488 
5.12 0.2824614947335756 
5.13 0.29221620838908774 
5.14 0.3019628706896173 
5.15 0.31170064431618477 
5.16 0.3214286918683336 
5.17 0.33114617591571704 
5.18 0.3408522590512698 
5.19 0.35054610394604774 
5.2 0.3602268734058161 
5.21 0.3698937304294144 
5.22 0.3795458382689583 
5.23 0.3891823604918401 
5.24 0.3988024610445512 
5.25 0.408405304318268 
5.26 0.41799005521614635 
5.2700000000000005 0.42755587922226257 
5.28 0.43710194247211365 
5.29 0.44662741182456395 
5.3 0.4561314549351364 
5.3100000000000005 0.4656132403305048 
5.32 0.4750719374840861 
5.33 0.4845067168925364 
5.34 0.4939167501530545 
5.3500000000000005 0.5033012100413115 
5.36 0.5126592705898326 
5.37 0.5219901071667129 
5.38 0.5312928965544796 
5.39 0.5405668170289223 
5.4 0.5498110484378199 
5.41 0.5590247722792812 
5.42 0.568207171779699 
5.43 0.5773574319710624 
5.44 0.5864747397676079 
5.45 0.5955582840415885 
5.46 0.6046072556981272 
5.47 0.6136208477490857 
5.48 0.6225982553858056 
5.49 0.6315386760507136 
5.5 0.6404413095077722 
5.51 0.649305357911701 
5.5200000000000005 0.6581300258760747 
5.53 0.6669145205401595 
5.54 0.6756580516347431 
5.55 0.6843598315468523 
5.5600000000000005 0.6930190753835411 
5.57 0.7016350010348494 
5.58 0.7102068292360436 
5.59 0.7187337836293204 
5.6000000000000005 0.7272150908251197 
5.61 0.7356499804632526 
5.62 0.7440376852740376 
5.63 0.7523774411396605 
5.64 0.76066848715596 
5.65 0.7689100656948952 
5.66 0.7771014224678843 
5.67 0.7852418065902749 
5.68 0.7933304706471251 
5.69 0.8013666707605299 
5.7 0.8093496666586569 
5.71 0.817278721746705 
5.72 0.8251531031798855 
5.73 0.8329720819386083 
5.74 0.8407349329059117 
5.75 0.8484409349472387 
5.76 0.8560893709926171 
5.7700000000000005 0.863679528121154 
5.78 0.8712106976479 
5.79 0.8786821752129458 
5.8 0.8860932608726775 
5.8100000000000005 0.893443259192971 
5.82 0.9007314793442445 
5.83 0.9079572351980303 
5.84 0.9151198454249106 
5.8500000000000005 0.9222186335934864 
5.86 0.9292529282700716 
5.87 0.9362220631188256 
5.88 0.9431253770019453 
5.89 0.9499622140795969 
5.9 0.9567319239091939 
5.91 0.9634338615437171 
5.92 0.9700673876286834 
5.93 0.9766318684974327 
5.94 0.9831266762644826 
5.95 0.9895511889164778 
5.96 0.9959047904006983 
5.97 1.0021868707106736 
5.98 1.0083968259688472 
5.99 1.0145340585060276 
6.0 1.020597976937569 
6.01 1.0265879962361735 
6.0200000000000005 1.032503537801267 
6.03 1.0383440295250241 
6.04 1.0441089058550204 
6.05 1.0497976078537203 
6.0600000000000005 1.055409583254829 
6.07 1.0609442865168617 
6.08 1.0664011788739962 
6.09 1.071779728384663 
6.1000000000000005 1.077079409978002 
6.11 1.0822997054986974 
6.12 1.0874401037503454 
6.13 1.0925001005379806 
6.140000000000001 1.0974791987099153 
6.15 1.1023769081994284 
6.16 1.1071927460666238 
6.17 1.1119262365409246 
6.18 1.1165769110644606 
6.19 1.1211443083368473 
6.2 1.125627974361529 
6.21 1.1300274624941453 
6.22 1.1343423334930445 
6.23 1.1385721555723172 
6.24 1.1427165044573557 
6.25 1.1467749634432922 
6.26 1.1507471234562021 
6.2700000000000005 1.154632583117273 
6.28 1.1584309488098197 
6.29 1.1621418347491574 
6.3 1.165764863055164 
6.3100000000000005 1.1692996638274136 
6.32 1.1727458752226487 
6.33 1.176103143534344 
6.34 1.1793711232740258 
6.3500000000000005 1.182549477254111 
6.36 1.1856378766717448 
6.37 1.1886360011934103 
6.38 1.191543539039726 
6.390000000000001 1.194360187070121 
6.4 1.197085650866836 
6.41 1.1997196448178524 
6.42 1.2022618921982984 
6.43 1.2047121252497828 
6.44 1.2070700852573146 
6.45 1.2093355226233584 
6.46 1.2115081969385615 
6.47 1.2135878770488233 
6.48 1.215574341118397 
6.49 1.2174673766885753 
6.5 1.219266780731842 
6.51 1.2209723597011541 
6.5200000000000005 1.222583929574171 
6.53 1.2241013158923792 
6.54 1.225524353794882 
6.55 1.2268528880469183 
6.5600000000000005 1.22808677306303 
6.57 1.2292258729249979 
6.58 1.2302700613945894 
6.59 1.2312192219212594 
6.6000000000000005 1.2320732476450158 
6.61 1.232832041394668 
6.62 1.2334955156816427 
6.63 1.2340635926898356 
6.640000000000001 1.2345362042615593 
6.65 1.2349132918802344 
6.66 1.2351948066499272 
6.67 1.2353807092723381 
6.68 1.2354709700214612 
6.69 1.2354655687164888 
6.7 1.2353644946932723 
6.71 1.2351677467747495 
6.72 1.2348753332408546 
6.73 1.2344872717981736 
6.74 1.234003589549855 
6.75 1.2334243229660384 
6.76 1.2327495178552588 
6.7700000000000005 1.2319792293370604 
6.78 1.2311135218161386 
6.79 1.230152468958339 
6.8 1.2290961536686154 
6.8100000000000005 1.2279446680712611 
6.82 1.2266981134925319 
6.83 1.2253566004456469 
6.84 1.2239202486185072 
6.8500000000000005 1.222389186863853 
6.86 1.22076355319207 
6.87 1.2190434947664313 
6.88 1.2172291679007803 
6.890000000000001 1.2153207380594084 
6.9 1.2133183798590406 
6.91 1.211222277072538 
6.92 1.2090326226342503 
6.93 1.206749618646532 
6.94 1.204373476387166 
6.95 1.2019044163173178 
6.96 1.199342668089664 
6.97 1.1966884705561718 
6.98 1.1939420717751872 
6.99 1.191103729017426 
7.0 1.188173708770252 
7.01 1.1851522867400344 
7.0200000000000005 1.182039747851883 
7.03 1.1788363862465303 
7.04 1.175542505273832 
7.05 1.1721584174825537 
7.0600000000000005 1.1686844446059597 
7.07 1.1651209175430448 
7.08 1.1614681763349215 
7.09 1.1577265701362118 
7.1000000000000005 1.153896457181221 
7.11 1.1499782047446836 
7.12 1.1459721890969627 
7.13 1.1418787954537095 
7.140000000000001 1.1376984179198961 
7.15 1.13343145942832 
7.16 1.129078331672679 
7.17 1.1246394550353607 
7.18 1.1201152585102 
7.19 1.1155061796204466 
7.2 1.1108126643322591 
7.21 1.1060351669641768 
7.22 1.1011741500928323 
7.23 1.0962300844555009 
7.24 1.0912034488498934 
7.25 1.0860947300316908 
7.26 1.080904422610428 
7.2700000000000005 1.075633028944153 
7.28 1.070281059033521 
7.29 1.0648490304157952 
7.3 1.059337468059325 
7.3100000000000005 1.053746904259034 
7.32 1.0480778785334113 
7.33 1.0423309375234755 
7.34 1.036506634894123 
7.3500000000000005 1.0306055312383886 
7.36 1.024628193984781 
7.37 1.0185751973081767 
7.38 1.0124471220444338 
7.390000000000001 1.0062445556088924 
7.4 0.9999680919190483 
7.41 0.9936183313212623 
7.42 0.987195880521771 
7.43 0.9807013525217148 
7.44 0.9741353665562524 
7.45 0.9674985480375663 
7.46 0.9607915285014921 
7.47 0.954014945557596 
7.48 0.9471694428422929 
7.49 0.940255669974798 
7.5 0.9332742825153726 
7.51 0.9262259419255393 
7.5200000000000005 0.919111315529852 
7.53 0.911931076478666 
7.54 0.9046859037115337 
7.55 0.8973764819207111 
7.5600000000000005 0.8900035015142664 
7.57 0.8825676585784282 
7.58 0.8750696548385962 
7.59 0.867510197618692 
7.6000000000000005 0.8598899997983337 
7.61 0.8522097797675624 
7.62 0.8444702613786671 
7.63 0.8366721738948898 
7.640000000000001 0.8288162519356681 
7.65 0.820903235418239 
7.66 0.8129338694953683 
7.67 0.8049089044891199 
7.68 0.7968290958205284 
7.69 0.788695203935151 
7.7 0.7805079942245359 
7.71 0.7722682369435245 
7.72 0.7639767071236668 
7.73 0.7556341844827132 
7.74 0.7472414533304119 
7.75 0.7387993024708766 
7.76 0.7303085251016532 
7.7700000000000005 0.721769918709841 
7.78 0.713184284965491 
7.79 0.7045524296126863 
7.8 0.6958751623585593 
7.8100000000000005 0.6871532967605986 
7.82 0.6783876501126894 
7.83 0.669579043330123 
7.84 0.660728300834071 
7.8500000000000005 0.651836250435772 
7.86 0.6429037232209245 
7.87 0.6339315534344827 
7.88 0.6249205783663406 
7.890000000000001 0.6158716382381428 
7.9 0.6067855760915561 
7.91 0.5976632376783088 
7.92 0.5885054713521956 
7.930000000000001 0.5793131279634097 
7.94 0.5700870607552543 
7.95 0.5608281252635839 
7.96 0.5515371792189887 
7.97 0.5422150824519312 
7.98 0.5328626968008969 
7.99 0.523480886023598 
8.0 0.5140705157113095 
8.01 0.5046324532062497 
8.02 0.49516756752202645 
8.03 0.485676729267062 
8.040000000000001 0.47616081057085813 
8.05 0.46662068501298254 
8.06 0.45705722755464423 
8.07 0.44747131447258937 
8.08 0.4378638232951577 
8.09 0.4282356327402169 
8.1 0.4185876226547484 
8.11 0.40892067395574033 
8.120000000000001 0.39923566857212617 
8.13 0.38953348938746 
8.14 0.3798150201829671 
8.15 0.3700811455806742 
8.16 0.3603327509862669 
8.17 0.35057072253135185 
8.18 0.3407959470148031 
8.19 0.33100931184285937 
8.2 0.32121170496769397 
8.21 0.31140401482415603 
8.22 0.30158713026442824 
8.23 0.2917619404903676 
8.24 0.2819293349832992 
8.25 0.27209020343111584 
8.26 0.26224543565252123 
8.27 0.2523959215183045 
8.28 0.24254255086959037 
8.290000000000001 0.23268621343303922 
8.3 0.22282779873298733 
8.31 0.21296819600061423 
8.32 0.2031082940801883 
8.33 0.19324898133257845 
8.34 0.18339114553615118 
8.35 0.1735356737853041 
8.36 0.16368345238686205 
8.370000000000001 0.15383536675460802 
8.38 0.1439923013022692 
8.39 0.13415513933526785 
8.4 0.12432476294159019 
8.41 0.11450205288214028 
8.42 0.10468788848093323 
8.43 0.09488314751552135 
8.44 0.08508870610800902 
8.45 0.0753054386170406 
8.46 0.06553421753109899 
8.47 0.055775913363471735 
8.48 0.04603139454919257 
8.49 0.03630152734425448 
8.5 0.02658717572735481 
8.51 0.01688920130440864 
8.52 0.007208463216015886 
8.53 -0.0024541819519564184 
8.540000000000001 -0.012097880254567166 
8.55 -0.021721780470693546 
8.56 -0.03132503418259451 
8.57 -0.04090679585215781 
8.58 -0.05046622289388006 
8.59 -0.06000247574467984 
8.6 -0.0695147179306699 
8.61 -0.07900211613105358 
8.620000000000001 -0.08846384023935096 
8.63 -0.09789906342217496 
8.64 -0.10730696217581079 
8.65 -0.11668671638087647 
8.66 -0.1260375093553396 
8.67 -0.13535852790620273 
8.68 -0.14464896238014993 
8.69 -0.15390800671347224 
8.700000000000001 -0.16313485848156076 
8.71 -0.17232871894827803 
8.72 -0.18148879311547003 
8.73 -0.1906142897729047 
8.74 -0.19970442154886953 
8.75 -0.20875840496164802 
8.76 -0.2177754604720843 
8.77 -0.22675481253738047 
8.78 -0.23569568966628335 
8.790000000000001 -0.2445973244757437 
8.8 -0.2534589537491304 
8.81 -0.2622798184960319 
8.82 -0.27105916401363456 
8.83 -0.27979623994966374 
8.84 -0.288490300366813 
8.85 -0.2971406038085628 
8.86 -0.305746413366285 
8.870000000000001 -0.31430699674746077 
8.88 -0.3228216263448538 
8.89 -0.33128957930645103 
8.9 -0.3397101376059404 
8.91 -0.3480825881135298 
8.92 -0.3564062226668521 
8.93 -0.36468033814173484 
8.94 -0.3729042365225706 
8.950000000000001 -0.38107722497207397 
8.96 -0.38919861590016536 
8.97 -0.3972677270317702 
8.98 -0.40528388147330674 
8.99 -0.4132464077776598 
9.0 -0.421154640007468 
9.01 -0.429007917796535 
9.02 -0.43680558640924555 
9.03 -0.4445469967978611 
9.040000000000001 -0.45223150565757014 
9.05 -0.4598584754792732 
9.06 -0.46742727460001826 
9.07 -0.47493727725108886 
9.08 -0.48238786360375996 
9.09 -0.48977841981272957 
9.1 -0.497108338057346 
9.11 -0.504377016580635 
9.120000000000001 -0.511583859726306 
9.13 -0.5187282779738156 
9.14 -0.5258096879717012 
9.15 -0.5328275125692321 
9.16 -0.5397811808466663 
9.17 -0.5466701281442427 
9.18 -0.5534937960900956 
9.19 -0.5602516326273149 
9.200000000000001 -0.5669430920403269 
9.21 -0.573567634980803 
9.22 -0.580124728493277 
9.23 -0.5866138460406811 
9.24 -0.5930344675299388 
9.25 -0.5993860793378085 
9.26 -0.6056681743371036 
9.27 -0.6118802519234436 
9.28 -0.6180218180426195 
9.290000000000001 -0.6240923852187081 
9.3 -0.6300914725829468 
9.31 -0.6360186059035018 
9.32 -0.6418733176160546 
9.33 -0.6476551468553059 
9.34 -0.6533636394873105 
9.35 -0.6589983481426576 
9.36 -0.6645588322503265 
9.370000000000001 -0.6700446580722965 
9.38 -0.6754553987386063 
9.39 -0.6807906342829035 
9.4 -0.6860499516782321 
9.41 -0.6912329448729201 
9.42 -0.6963392148264154 
9.43 -0.7013683695448489 
9.44 -0.7063200241161286 
9.450000000000001 -0.7111938007443624 
9.46 -0.7159893287834084 
9.47 -0.7207062447693305 
9.48 -0.7253441924514842 
9.49 -0.7299028228221499 
9.5 -0.734381794144406 
9.51 -0.7387807719780509 
9.52 -0.7430994292034607 
9.53 -0.7473374460431121 
9.540000000000001 -0.751494510080731 
9.55 -0.7555703162778187 
9.56 -0.7595645669875247 
9.57 -0.7634769719657475 
9.58 -0.7673072483793832 
9.59 -0.7710551208117039 
9.6 -0.7747203212648492 
9.61 -0.7783025891594411 
9.620000000000001 -0.7818016713313443 
9.63 -0.7852173220256887 
9.64 -0.7885493028882217 
9.65 -0.7917973829540718 
9.66 -0.7949613386341915 
9.67 -0.7980409536995022 
9.68 -0.8010360192630362 
9.69 -0.8039463337602966 
9.700000000000001 -0.8067717029279247 
9.71 -0.809511939781133 
9.72 -0.8121668645899556 
9.73 -0.8147363048547117 
9.74 -0.8172200952808714 
9.75 -0.8196180777536156 
9.76 -0.8219301013123625 
9.77 -0.8241560221254965 
9.78 -0.8262957034655405 
9.790000000000001 -0.8283490156850281 
9.8 -0.8303158361932851 
9.81 -0.8321960494342844 
9.82 -0.8339895468658155 
9.83 -0.8356962269400515 
9.84 -0.8373159950857018 
9.85 -0.838848763691801 
9.86 -0.8402944520932548 
9.870000000000001 -0.8416529865581414 
9.88 -0.8429243002768346 
9.89 -0.8441083333528828 
9.9 -0.8452050327956689 
9.91 -0.8462143525146919 
9.92 -0.8471362533154952 
9.93 -0.8479707028970175 
9.94 -0.8487176758502918 
9.950000000000001 -0.8493771536582965 
9.96 -0.8499491246968066 
9.97 -0.850433584236028 
9.98 -0.8508305344428105 
9.99 -0.8511399843832409 
10.0 -0.8513619500253331 
10.01 -0.8514964542416599 
10.02 -0.8515435268116195 
10.03 -0.8515032044231242 
10.040000000000001 -0.8513755306734829 
10.05 -0.8511605560692583 
10.06 -0.8508583380248147 
10.07 -0.8504689408594444 
10.08 -0.8499924357927577 
10.09 -0.849428900938259 
10.1 -0.8487784212948378 
10.11 -0.8480410887361377 
10.120000000000001 -0.8472170019975372 
10.13 -0.8463062666607966 
10.14 -0.8453089951361243 
10.15 -0.8442253066417629 
10.16 -0.8430553271809271 
10.17 -0.8417991895161966 
10.18 -0.8404570331413688 
10.19 -0.8390290042507801 
10.200000000000001 -0.8375152557062369 
10.21 -0.8359159470017137 
10.22 -0.8342312442258392 
10.23 -0.8324613200224913 
10.24 -0.830606353549618 
10.25 -0.8286665304365574 
10.26 -0.8266420427400799 
10.27 -0.8245330888994915 
10.28 -0.8223398736910058 
10.290000000000001 -0.8200626081817957 
10.3 -0.8177015096839765 
10.31 -0.8152568017088873 
10.32 -0.8127287139219901 
10.33 -0.810117482098752 
10.34 -0.8074233480818268 
10.35 -0.804646559739813 
10.36 -0.8017873709279774 
10.370000000000001 -0.798846041451176 
10.38 -0.7958228370292443 
10.39 -0.7927180292650803 
10.4 -0.7895318956156404 
10.41 -0.7862647193660409 
10.42 -0.7829167896067811 
10.43 -0.7794884012143045 
10.44 -0.7759798548348407 
10.450000000000001 -0.7723914568715653 
10.46 -0.7687235194750001 
10.47 -0.7649763605365473 
10.48 -0.7611503036850465 
10.49 -0.7572456782861001 
10.5 -0.7532628194439951 
10.51 -0.7492020680058767 
10.52 -0.7450637705679131 
10.53 -0.7408482794831189 
10.540000000000001 -0.7365559528703715 
10.55 -0.732187154624339 
10.56 -0.7277422544258433 
10.57 -0.7232216277522466 
10.58 -0.7186256558874586 
10.59 -0.7139547259310886 
10.6 -0.709209230806379 
10.61 -0.7043895692665048 
10.620000000000001 -0.6994961458987935 
10.63 -0.6945293711266123 
10.64 -0.6894896612085248 
10.65 -0.6843774382343828 
10.66 -0.6791931301182202 
10.67 -0.6739371705876016 
10.68 -0.6686099991693664 
10.69 -0.6632120611715552 
10.700000000000001 -0.6577438076614995 
10.71 -0.6522056954400447 
10.72 -0.6465981870118962 
10.73 -0.6409217505521847 
10.74 -0.6351768598693598 
10.75 -0.6293639943645857 
10.76 -0.623483638987771 
10.77 -0.6175362841905526 
10.78 -0.611522425876456 
10.790000000000001 -0.60544256534852 
10.8 -0.5992972092547111 
10.81 -0.5930868695314914 
10.82 -0.5868120633458118 
10.83 -0.5804733130360007 
10.84 -0.574071146051771 
10.85 -0.5676060948938583 
10.86 -0.5610786970534449 
10.870000000000001 -0.5544894949519205 
10.88 -0.5478390358811062 
10.89 -0.5411278719443766 
10.9 -0.5343565599988915 
10.91 -0.5275256615991895 
10.92 -0.5206357429423963 
10.93 -0.5136873748151995 
10.94 -0.5066811325427776 
10.950000000000001 -0.49961759593978916 
10.96 -0.49249734926353356 
10.97 -0.48532098116931977 
10.98 -0.47808908466807026 
10.99 -0.47080225708622103 
11.0 -0.463461100027763 
11.01 -0.4560662193384826 
11.02 -0.4486182250722431 
11.03 -0.44111773145923044 
11.040000000000001 -0.4335653568759871 
11.05 -0.42596172381716485 
11.06 -0.41830745886872983 
11.07 -0.4106031926824937 
11.08 -0.4028495599517912 
11.09 -0.3950471993880333 
11.1 -0.38719675369799994 
11.11 -0.37929886956159353 
11.120000000000001 -0.3713541976098691 
11.13 -0.3633633924030963 
11.14 -0.3553271124086296 
11.15 -0.3472460199783926 
11.16 -0.3391207813256928 
11.17 -0.33095206650121334 
11.18 -0.32274054936793684 
11.19 -0.3144869075747759 
11.200000000000001 -0.30619182252876576 
11.21 -0.2978559793655553 
11.22 -0.28948006691808104 
11.23 -0.2810647776832036 
11.24 -0.27261080778617347 
11.25 -0.2641188569427801 
11.26 -0.25558962841904365 
11.27 -0.2470238289883475 
11.28 -0.23842216888592208 
11.290000000000001 -0.2297853617605921 
11.3 -0.221114124623758 
11.31 -0.2124091777955734 
11.32 -0.20367124484832497 
11.33 -0.19490105254703033 
11.34 -0.18609933078733323 
11.35 -0.17726681253074006 
11.36 -0.16840423373735258 
11.370000000000001 -0.15951233329620373 
11.38 -0.15059185295338112 
11.39 -0.1416435372381341 
11.4 -0.13266813338718175 
11.41 -0.12366639126746798 
11.42 -0.11463906329763386 
11.43 -0.10558690436849981 
11.44 -0.09651067176284392 
11.450000000000001 -0.08741112507479956 
11.46 -0.07828902612919121 
11.47 -0.06914513890113204 
11.48 -0.05998022943618847 
11.49 -0.05079506577144731 
11.5 -0.041590417857763864 
11.51 -0.03236705748348223 
11.52 -0.023125758199887977 
11.53 -0.013867295248621729 
11.540000000000001 -0.004592445491257357 
11.55 0.0046980126587884445 
11.56 0.014003299301888518 
11.57 0.02332263311528947 
11.58 0.032655231413605455 
11.59 0.04200031020671545 
11.6 0.051357084255111714 
11.61 0.060724767122780396 
11.620000000000001 0.07010257122774394 
11.63 0.07948970789043432 
11.64 0.0888853873800964 
11.65 0.09828881895946963 
11.66 0.10769921092800362 
11.67 0.11711577066390605 
11.68 0.12653770466533637 
11.69 0.13596421859106297 
11.700000000000001 0.14539451730091682 
11.71 0.1548278048963832 
11.72 0.16426328476164898 
11.73 0.1737001596054291 
11.74 0.18313763150388193 
11.75 0.1925749019448781 
11.76 0.20201117187389575 
11.77 0.21144564174175634 
11.78 0.2208775115543863 
11.790000000000001 0.2303059809247774 
11.8 0.23973024912723323 
11.81 0.24914951515399902 
11.82 0.25856297777427695 
11.83 0.26796983559565785 
11.84 0.27736928712786846 
11.85 0.2867605308487852 
11.86 0.2961427652725764 
11.870000000000001 0.30551518901978875 
11.88 0.314877000889243 
11.89 0.32422739993145816 
11.9 0.3335655855234298 
11.91 0.34289075744447056 
11.92 0.35220211595286677 
11.93 0.36149886186307706 
11.94 0.37078019662321565 
11.950000000000001 0.38004532239253125 
11.96 0.38929344211865874 
11.97 0.39852375961436043 
11.98 0.4077354796335725 
11.99 0.41692780794653383 
12.0 0.4260999514137907 
12.01 0.4352511180590028 
12.02 0.4443805171403306 
12.030000000000001 0.45348735922039257 
12.040000000000001 0.46257085623467237 
12.05 0.4716302215584033 
12.06 0.4806646700718603 
12.07 0.4896734182241902 
12.08 0.4986556840957201 
12.09 0.507610687458946 
12.1 0.5165376498382303 
12.11 0.5254357945683943 
12.120000000000001 0.5343043468523265 
12.13 0.5431425338177742 
12.14 0.5519495845735294 
12.15 0.5607247302651344 
12.16 0.5694672041303667 
12.17 0.5781762415546281 
12.18 0.5868510801264746 
12.19 0.5954909596934291 
12.200000000000001 0.60409512241828 
12.21 0.6126628128360108 
12.22 0.621193277911498 
12.23 0.629685767098103 
12.24 0.638139532397325 
12.25 0.6465538284194822 
12.26 0.6549279124456477 
12.27 0.6632610444907446 
12.280000000000001 0.6715524873679398 
12.290000000000001 0.6798015067542587 
12.3 0.688007371257448 
12.31 0.6961693524840964 
12.32 0.7042867251088424 
12.33 0.712358766944728 
12.34 0.7203847590145263 
12.35 0.728363985623007 
12.36 0.7362957344299851 
12.370000000000001 0.7441792965240612 
12.38 0.7520139664969088 
12.39 0.7597990425179973 
12.4 0.7675338264096002 
12.41 0.7752176237219658 
12.42 0.7828497438084713 
12.43 0.7904294999006947 
12.44 0.797956209183197 
12.450000000000001 0.8054291928679418 
12.46 0.8128477762681883 
12.47 0.8202112888717756 
12.48 0.8275190644136655 
12.49 0.8347704409476422 
12.5 0.8419647609171185 
12.51 0.84910137122487 
12.52 0.856179623301794 
12.530000000000001 0.8631988731744236 
12.540000000000001 0.8701584815313353 
12.55 0.8770578137882831 
12.56 0.8838962401521572 
12.57 0.8906731356835859 
12.58 0.8973878803583746 
12.59 0.9040398591276464 
12.6 0.9106284619767848 
12.61 0.9171530839831968 
12.620000000000001 0.9236131253729339 
12.63 0.9300079915763073 
12.64 0.9363370932824479 
12.65 0.9425998464930341 
12.66 0.9487956725752259 
12.67 0.954923998313931 
12.68 0.9609842559635172 
12.69 0.9669758832991682 
12.700000000000001 0.9728983236679798 
12.71 0.9787510260399397 
12.72 0.9845334450590423 
12.73 0.9902450410946203 
12.74 0.9958852802931033 
12.75 1.001453634630391 
12.76 1.0069495819650212 
12.77 1.012372606092237 
12.780000000000001 1.0177221967992585 
12.790000000000001 1.022997849921703 
12.8 1.0281990674015518 
12.81 1.0333253573465624 
12.82 1.0383762340913847 
12.83 1.043351218260421 
12.84 1.0482498368324475 
12.85 1.0530716232071475 
12.86 1.0578161172734404 
12.870000000000001 1.062482865479707 
12.88 1.0670714209057455 
12.89 1.0715813433364618 
12.9 1.076012199337109 
12.91 1.0803635623300136 
12.92 1.0846350126724715 
12.93 1.0888261377356938 
12.94 1.0929365319845992 
12.950000000000001 1.0969657970579714 
12.96 1.1009135418489633 
12.97 1.1047793825853647 
12.98 1.1085629429094948 
12.99 1.1122638539572072 
13.0 1.1158817544357837 
13.01 1.1194162907002096 
13.02 1.1228671168276059 
13.030000000000001 1.1262338946893415 
13.040000000000001 1.1295162940205352 
13.05 1.132713992486632 
13.06 1.1358266757466724 
13.07 1.1388540375131013 
13.08 1.1417957796076903 
13.09 1.1446516120135706 
13.1 1.1474212529230159 
13.11 1.1501044287810076 
13.120000000000001 1.1527008743243488 
13.13 1.1552103326164647 
13.14 1.1576325550777842 
13.15 1.1599673015117749 
13.16 1.1622143401269067 
13.17 1.1643734475544283 
13.18 1.1664444088625108 
13.19 1.1684270175667428 
13.200000000000001 1.1703210756374158 
13.21 1.1721263935039592 
13.22 1.173842790056758 
13.23 1.1754700926469202 
13.24 1.1770081370843346 
13.25 1.1784567676344015 
13.26 1.1798158370139948 
13.27 1.1810852063870232 
13.280000000000001 1.1822647453600534 
13.290000000000001 1.1833543319784086 
13.3 1.1843538527232105 
13.31 1.1852632025096774 
13.32 1.1860822846870764 
13.33 1.186811011040673 
13.34 1.1874493017958716 
13.35 1.1879970856249267 
13.36 1.1884542996562344 
13.370000000000001 1.1888208894864842 
13.38 1.1890968091957048 
13.39 1.189282021365165 
13.4 1.1893764970981766 
13.41 1.1893802160437283 
13.42 1.1892931664226727 
13.43 1.1891153450564313 
13.44 1.1888467573978907 
13.450000000000001 1.1884874175641644 
13.46 1.1880373483710034 
13.47 1.1874965813682927 
13.48 1.186865156876512 
13.49 1.1861431240233775 
13.5 1.185330540780504 
13.51 1.1844274739994725 
13.52 1.1834339994468932 
13.530000000000001 1.1823502018378949 
13.540000000000001 1.1811761748677159 
13.55 1.1799120212407466 
13.56 1.1785578526967797 
13.57 1.1771137900338995 
13.58 1.1755799631276092 
13.59 1.1739565109460268 
13.6 1.1722435815605472 
13.61 1.1704413321519098 
13.620000000000001 1.1685499290113412 
13.63 1.1665695475365436 
13.64 1.1645003722224798 
13.65 1.1623425966468082 
13.66 1.1600964234498905 
13.67 1.157762064309442 
13.68 1.1553397399098484 
13.69 1.152829679906229 
13.700000000000001 1.150232122883434 
13.71 1.1475473163101673 
13.72 1.1447755164883808 
13.73 1.141916988498381 
13.74 1.1389720061397368 
13.75 1.135940851868515 
13.76 1.1328238167310274 
13.77 1.12962120029466 
13.780000000000001 1.1263333105760016 
13.790000000000001 1.12296046396674 
13.8 1.1195029851578118 
13.81 1.1159612070621237 
13.82 1.1123354707363355 
13.83 1.1086261253020189 
13.84 1.1048335278667727 
13.85 1.1009580434454815 
13.86 1.0970000448822386 
13.870000000000001 1.0929599127732295 
13.88 1.0888380353908682 
13.89 1.0846348086096436 
13.9 1.0803506358337511 
13.91 1.0759859279268866 
13.92 1.07154110314443 
13.93 1.0670165870680992 
13.94 1.062412812543301 
13.950000000000001 1.0577302196192722 
13.96 1.0529692554920749 
13.97 1.048130374450482 
13.98 1.0432140378247254 
13.99 1.038220713938112 
14.0 1.0331508780614123 
14.01 1.0280050123698554 
14.02 1.0227836059026598 
14.030000000000001 1.017487154524871 
14.040000000000001 1.0121161608912532 
14.05 1.00667113441207 
14.06 1.0011525912204038 
14.07 0.9955610541407446 
14.08 0.9898970526585237 
14.09 0.9841611228902255 
14.1 0.9783538075537376 
14.11 0.9724756559385802 
14.120000000000001 0.9665272238755791 
14.13 0.9605090737056838 
14.14 0.9544217742474462 
14.15 0.9482659007628969 
14.16 0.9420420349213269 
14.17 0.9357507647607408 
14.18 0.9293926846465587 
14.19 0.9229683952273061 
14.200000000000001 0.9164785033869853 
14.21 0.9099236221938692 
14.22 0.903304370845561 
14.23 0.896621374610028 
14.24 0.8898752647626237 
14.25 0.8830666785188321 
14.26 0.8761962589628912 
14.27 0.8692646549720922 
14.280000000000001 0.8622725211369606 
14.290000000000001 0.8552205176773392 
14.3 0.8481093103545525 
14.31 0.8409395703798075 
14.32 0.8337119743191485 
14.33 0.8264272039951122 
14.34 0.819085946385556 
14.35 0.8116888935199048 
14.36 0.8042367423732265 
14.370000000000001 0.7967301947585921 
14.38 0.7891699572180461 
14.39 0.7815567409127862 
14.4 0.773891261512845 
14.41 0.7661742390868516 
14.42 0.7584063979922772 
14.43 0.7505884667666066 
14.44 0.7427211780198746 
14.450000000000001 0.7348052683290032 
14.46 0.726841478134277 
14.47 0.7188305516383217 
14.48 0.7107732367079508 
14.49 0.7026702847790529 
14.5 0.6945224507648762 
14.51 0.6863304929677789 
14.52 0.6780951729946423 
14.530000000000001 0.6698172556760617 
14.540000000000001 0.6614975089892512 
14.55 0.6531367039847472 
14.56 0.6447356147167728 
14.57 0.636295018177215 
14.58 0.6278156942329673 
14.59 0.6192984255665168 
14.6 0.6107439976194976 
14.61 0.6021531985388953 
14.620000000000001 0.5935268191256677 
14.63 0.5848656527853653 
14.64 0.5761704954804496 
14.65 0.567442145683891 
14.66 0.5586814043336693 
14.67 0.5498890747878324 
14.68 0.5410659627795955 
14.69 0.5322128763722516 
14.700000000000001 0.5233306259133832 
14.71 0.5144200239880664 
14.72 0.5054818853707316 
14.73 0.4965170269753203 
14.74 0.48752626780347263 
14.75 0.4785104288904774 
14.76 0.46947033324872156 
14.77 0.4604068058084866 
14.780000000000001 0.451320673355888 
14.790000000000001 0.4422127644678672 
14.8 0.433083909444102 
14.81 0.4239349402358604 
14.82 0.41476669037171277 
14.83 0.40557999488015894 
14.84 0.3963756902092442 
14.85 0.3871546141432434 
14.86 0.3779176057165311 
14.870000000000001 0.3686655051248088 
14.88 0.3593991536338752 
14.89 0.35011939348611165 
14.9 0.3408270678049598 
14.91 0.33152302049759164 
14.92 0.3222080961560437 
14.93 0.3128831399570924 
14.94 0.3035489975611437 
14.950000000000001 0.29420651501040407 
14.96 0.2848565386266269 
14.97 0.27549991490871184 
14.98 0.26613749043043644 
14.99 0.2567701117385724 
15.0 0.24739862525165712 
15.01 0.23802387715966833 
15.02 0.22864671332481012 
15.030000000000001 0.2192679791836538 
15.040000000000001 0.20988851965080144 
15.05 0.20050917902426824 
15.06 0.19113080089272685 
15.07 0.18175422804474192 
15.08 0.17238030238012347 
15.09 0.1630098648234708 
15.1 0.15364375523996487 
15.11 0.14428281235346643 
15.120000000000001 0.13492787366692643 
15.13 0.12557977538509404 
15.14 0.11623935233951109 
15.15 0.10690743791571804 
15.16 0.09758486398262246 
15.17 0.0882724608239165 
15.18 0.07897105707144227 
15.19 0.06968147964037648 
15.200000000000001 0.06040455366608331 
15.21 0.05114110244247834 
15.22 0.041891947361735314 
15.23 0.032657907855145336 
15.24 0.023439801334946823 
15.25 0.014238443136921401 
15.26 0.005054646463558853 
15.27 -0.004110777672413138 
15.280000000000001 -0.013257020504336808 
15.290000000000001 -0.0223832755679681 
15.3 -0.031488738758050264 
15.31 -0.040572608385303244 
15.32 -0.04963408523400331 
15.33 -0.05867237262031624 
15.34 -0.06768667645153215 
15.35 -0.07667620528633426 
15.36 -0.08564017039621073 
15.370000000000001 -0.09457778582810723 
15.38 -0.10348826846838949 
15.39 -0.11237083810815773 
15.4 -0.12122471750995191 
15.41 -0.13004913247583266 
15.42 -0.138843311916829 
15.43 -0.14760648792369296 
15.44 -0.15633789583889687 
15.450000000000001 -0.16503677432978567 
15.46 -0.17370236546275442 
15.47 -0.18233391477833238 
15.48 -0.19093067136701414 
15.49 -0.19949188794566858 
15.5 -0.2080168209343578 
15.51 -0.21650473053335467 
15.52 -0.2249548808001853 
15.530000000000001 -0.23336653972647473 
15.540000000000001 -0.24173897931440716 
15.55 -0.25007147565259225 
15.56 -0.25836330899114046 
15.57 -0.2666137638157707 
15.58 -0.27482212892076685 
15.59 -0.28298769748061925 
15.6 -0.2911097671202086 
15.610000000000001 -0.29918763998342013 
15.620000000000001 -0.3072206228000519 
15.63 -0.31520802695096917 
15.64 -0.32314916853141085 
15.65 -0.33104336841243887 
15.66 -0.33888995230051117 
15.67 -0.34668825079517507 
15.68 -0.3544375994449417 
15.69 -0.36213733880138266 
15.700000000000001 -0.3697868144715218 
15.71 -0.37738537716865295 
15.72 -0.38493238276165476 
15.73 -0.3924271923229758 
15.74 -0.3998691721753894 
15.75 -0.4072576939377206 
15.76 -0.4145921345696523 
15.77 -0.4218718764158114 
15.780000000000001 -0.4290963072492774 
15.790000000000001 -0.4362648203146932 
15.8 -0.44337681437110343 
15.81 -0.45043169373469666 
15.82 -0.4574288683215893 
15.83 -0.4643677536907423 
15.84 -0.4712477710871684 
15.85 -0.4780683474854947 
15.860000000000001 -0.4848289156339635 
15.870000000000001 -0.4915289140989195 
15.88 -0.4981677873098578 
15.89 -0.5047449856050168 
15.9 -0.5112599652775143 
15.91 -0.51771218862203 
15.92 -0.524101123981992 
15.93 -0.5304262457971664 
15.94 -0.5366870346516522 
15.950000000000001 -0.5428829773221064 
15.96 -0.5490135668261588 
15.97 -0.555078302470867 
15.98 -0.5610766899010688 
15.99 -0.5670082411475493 
16.0 -0.5728724746748141 
16.01 -0.5786689154283655 
16.02 -0.5843970948812903 
16.03 -0.5900565510800587 
16.04 -0.5956468286893418 
16.05 -0.6011674790357118 
16.06 -0.6066180601500955 
16.07 -0.6119981368088431 
16.080000000000002 -0.617307280573275 
16.09 -0.6225450698276571 
16.1 -0.6277110898153814 
16.11 -0.6328049326734211 
16.12 -0.6378261974648526 
16.13 -0.642774490209507 
16.14 -0.6476494239126198 
16.15 -0.652450618591492 
16.16 -0.6571777013002041 
16.17 -0.6618303061523149 
16.18 -0.6664080743416267 
16.19 -0.6709106541610745 
16.2 -0.6753377010197432 
16.21 -0.6796888774581281 
16.22 -0.6839638531617718 
16.23 -0.6881623049732483 
16.240000000000002 -0.6922839169027647 
16.25 -0.6963283801373689 
16.26 -0.700295393048977 
16.27 -0.7041846612013085 
16.28 -0.7079958973558897 
16.29 -0.7117288214772448 
16.3 -0.7153831607374042 
16.31 -0.718958649519926 
16.32 -0.722455029423463 
16.330000000000002 -0.7258720492650609 
16.34 -0.7292094650833404 
16.35 -0.7324670401415369 
16.36 -0.7356445449306562 
16.37 -0.7387417571726788 
16.38 -0.7417584618240151 
16.39 -0.7446944510791296 
16.4 -0.7475495243744945 
16.41 -0.7503234883928233 
16.42 -0.7530161570675824 
16.43 -0.7556273515878373 
16.44 -0.7581569004033173 
16.45 -0.7606046392297325 
16.46 -0.7629704110542375 
16.47 -0.7652540661409908 
16.48 -0.7674554620367029 
16.490000000000002 -0.7695744635760985 
16.5 -0.7716109428871809 
16.51 -0.7735647793961417 
16.52 -0.7754358598318624 
16.53 -0.7772240782297853 
16.54 -0.7789293359351038 
16.55 -0.7805515416050713 
16.56 -0.7820906112103103 
16.57 -0.7835464680350064 
16.580000000000002 -0.7849190426758108 
16.59 -0.7862082730393418 
16.6 -0.7874141043381992 
16.61 -0.7885364890852969 
16.62 -0.7895753870865004 
16.63 -0.7905307654314118 
16.64 -0.7914025984822638 
16.65 -0.7921908678608546 
16.66 -0.7928955624334335 
16.67 -0.7935166782935887 
16.68 -0.7940542187430462 
16.69 -0.7945081942703892 
16.7 -0.7948786225278002 
16.71 -0.7951655283057432 
16.72 -0.795368943505696 
16.73 -0.7954889071110449 
16.740000000000002 -0.7955254651561375 
16.75 -0.795478670693657 
16.76 -0.7953485837604063 
16.77 -0.7951352713416281 
16.78 -0.7948388073339906 
16.79 -0.794459272507397 
16.8 -0.7939967544657754 
16.81 -0.7934513476069672 
16.82 -0.7928231530818983 
16.830000000000002 -0.7921122787532465 
16.84 -0.7913188391536683 
16.85 -0.7904429554438193 
16.86 -0.7894847553703375 
16.87 -0.7884443732238676 
16.88 -0.787321949797374 
16.89 -0.7861176323448175 
16.9 -0.7848315745403489 
16.91 -0.7834639364381673 
16.92 -0.7820148844331297 
16.93 -0.7804845912222209 
16.94 -0.7788732357670258 
16.95 -0.7771810032572026 
16.96 -0.7754080850751276 
16.97 -0.7735546787616968 
16.98 -0.7716209879833665 
16.990000000000002 -0.76960722250048 
17.0 -0.7675135981368909 
17.01 -0.7653403367509074 
17.02 -0.7630876662075694 
17.03 -0.7607558203522427 
17.04 -0.7583450389855065 
17.05 -0.7558555678393516 
17.06 -0.7532876585545989 
17.07 -0.7506415686595015 
17.080000000000002 -0.747917561549528 
17.09 -0.745115906468139 
17.1 -0.7422368784886153 
17.11 -0.7392807584967175 
17.12 -0.7362478331741493 
17.13 -0.7331383949826938 
17.14 -0.7299527421488355 
17.150000000000002 -0.726691178648813 
17.16 -0.7233540141938709 
17.17 -0.7199415642155851 
17.18 -0.716454149851075 
17.19 -0.7128920979279204 
17.2 -0.709255740948564 
17.21 -0.7055454170740417 
17.22 -0.7017614701068131 
17.23 -0.6979042494724693 
17.240000000000002 -0.693974110200162 
17.25 -0.6899714129015054 
17.26 -0.6858965237477773 
17.27 -0.681749814445273 
17.28 -0.6775316622085601 
17.29 -0.673242449731599 
17.3 -0.6688825651564848 
17.31 -0.6644524020398164 
17.32 -0.6599523593165326 
17.330000000000002 -0.655382841261228 
17.34 -0.6507442574469248 
17.35 -0.6460370227013233 
17.36 -0.6412615570605662 
17.37 -0.6364182857207107 
17.38 -0.6315076389869229 
17.39 -0.626530052220685 
17.400000000000002 -0.6214859657851425 
17.41 -0.616375824988897 
17.42 -0.6112000800284948 
17.43 -0.6059591859299237 
17.44 -0.6006536024894531 
17.45 -0.5952837942141506 
17.46 -0.589850230262467 
17.47 -0.584353384385213 
17.48 -0.5787937348673545 
17.490000000000002 -0.57317176447095 
17.5 -0.5674879603795911 
17.51 -0.5617428141447043 
17.52 -0.5559368216340512 
17.53 -0.5500704829826203 
17.54 -0.5441443025462597 
17.55 -0.538158788858251 
17.56 -0.5321144545889117 
17.57 -0.5260118165084804 
17.580000000000002 -0.5198513954532408 
17.59 -0.5136337162949577 
17.6 -0.5073593079136341 
17.61 -0.5010287031734354 
17.62 -0.49464243890169163 
17.63 -0.48820105587082846 
17.64 -0.48170509878291384 
17.650000000000002 -0.47515511625666723 
17.66 -0.46855166081654215 
17.67 -0.4618952888835995 
17.68 -0.45518656076774977 
17.69 -0.4484260406610679 
17.7 -0.44161429663170176 
17.71 -0.4347519006180166 
17.72 -0.4278394284225438 
17.73 -0.42087745970534796 
17.740000000000002 -0.41386657797640336 
17.75 -0.4068073705866176 
17.76 -0.3997004287171429 
17.77 -0.392546347366656 
17.78 -0.3853457253362947 
17.79 -0.37809916521201087 
17.8 -0.37080727334411984 
17.81 -0.3634706598238367 
17.82 -0.356089938456708 
17.830000000000002 -0.34866572673280216 
17.84 -0.3411986457936263 
17.85 -0.33368932039575677 
17.86 -0.3261383788712223 
17.87 -0.31854645308469176 
17.88 -0.31091417838758745 
17.89 -0.30324219356925575 
17.900000000000002 -0.2955311408053927 
17.91 -0.2877816656038536 
17.92 -0.2799944167481602 
17.93 -0.2721700462388587 
17.94 -0.2643092092330288 
17.95 -0.25641256398218354 
17.96 -0.24848077176883882 
17.97 -0.24051449684201634 
17.98 -0.2325144063519414 
17.990000000000002 -0.2244811702842047 
18.0 -0.21641546139365292 
18.01 -0.20831795513821344 
18.02 -0.20018932961294084 
18.03 -0.1920302654844353 
18.04 -0.18384144592588017 
18.05 -0.17562355655285214 
18.06 -0.16737728536007332 
18.07 -0.15910332265923616 
18.080000000000002 -0.15080236101804279 
18.09 -0.14247509520052323 
18.1 -0.13412222210875893 
18.11 -0.12574444072603302 
18.12 -0.11734245206147759 
18.13 -0.10891695909623543 
18.14 -0.10046866673113902 
18.150000000000002 -0.09199828173591491 
18.16 -0.083506512699876 
18.17 -0.07499406998407805 
18.18 -0.06646166567488114 
18.19 -0.057910013538860106 
18.2 -0.049339828978983286 
18.21 -0.04075182899197791 
18.22 -0.03214673212677954 
18.23 -0.023525258443961375 
18.240000000000002 -0.014888129476019366 
18.25 -0.006236068188389826 
18.26 0.0024302010589424628 
18.27 0.011109952549390695 
18.28 0.01980245924742305 
18.29 0.02850699283609183 
18.3 0.03722282375460645 
18.31 0.04594922123612224 
18.32 0.05468545334592753 
18.330000000000002 0.06343078702021127 
18.34 0.07218448810559501 
18.35 0.08094582139961354 
18.36 0.08971405069232752 
18.37 0.0984884388092437 
18.38 0.10726824765571882 
18.39 0.11605273826299917 
18.400000000000002 0.1248411708360594 
18.41 0.13363280480336126 
18.42 0.14242689886866616 
18.43 0.15122271106499005 
18.44 0.1600194988107793 
18.45 0.16881651896837158 
18.46 0.17761302790475023 
18.47 0.186408281554613 
18.48 0.19520153548571528 
18.490000000000002 0.2039920449664244 
18.5 0.21277906503541377 
18.51 0.22156185057336766 
18.52 0.23033965637654968 
18.53 0.23911173723207088 
18.54 0.24787734799466044 
18.55 0.25663574366469144 
18.56 0.26538617946726606 
18.57 0.27412791093206507 
18.580000000000002 0.28286019397369855 
18.59 0.29158228497231264 
18.6 0.3002934408541078 
18.61 0.3089929191715618 
18.62 0.3176799781830068 
18.63 0.32635387693137946 
18.64 0.3350138753218127 
18.650000000000002 0.34365923419789884 
18.66 0.3522892154164019 
18.67 0.36090308192021914 
18.68 0.3695000978094985 
18.69 0.3780795284107326 
18.7 0.38664064034382345 
18.71 0.39518270158701496 
18.72 0.40370498153973666 
18.73 0.4122067510833709 
18.740000000000002 0.4206872826400357 
18.75 0.4291458502294651 
18.76 0.43758172952415714 
18.77 0.4459941979029295 
18.78 0.4543825345031202 
18.79 0.4627460202716003 
18.8 0.4710839380148765 
18.81 0.4793955724485244 
18.82 0.48768021024617175 
18.830000000000002 0.4959371400883444 
18.84 0.504165652711397 
18.85 0.5123650409567494 
18.86 0.5205345998207258 
18.87 0.5286736265051285 
18.88 0.5367814204688204 
18.89 0.5448572834804064 
18.900000000000002 0.5529005196721639 
18.91 0.5609104355953807 
18.92 0.5688863402770742 
18.93 0.5768275452782096 
18.94 0.5847333647533585 
18.95 0.592603115511779 
18.96 0.6004361170798377 
18.97 0.6082316917647076 
18.98 0.6159891647191441 
18.990000000000002 0.6237078640072261 
19.0 0.6313871206708862 
19.01 0.6390262687969829 
19.02 0.6466246455847645 
19.03 0.6541815914134255 
19.04 0.6616964499096304 
19.05 0.6691685680146574 
19.06 0.6765972960510278 
19.07 0.6839819877883861 
19.080000000000002 0.6913220005084191 
19.09 0.6986166950686257 
19.1 0.7058654359648127 
19.11 0.7130675913921634 
19.12 0.7202225333047368 
19.13 0.7273296374734247 
19.14 0.7343882835421572 
19.150000000000002 0.7413978550825168 
19.16 0.74835773964663 
19.17 0.7552673288184815 
19.18 0.7621260182636811 
19.19 0.7689332077777798 
19.2 0.7756883013333109 
19.21 0.7823907071256386 
19.22 0.7890398376178538 
19.23 0.7956351095848517 
19.240000000000002 0.8021759441568558 
19.25 0.8086617668624679 
19.26 0.815092007671654 
19.27 0.8214661010386705 
19.28 0.8277834859452763 
19.29 0.8340436059444147 
19.3 0.8402459092044797 
19.31 0.8463898485544264 
19.32 0.8524748815298467 
19.330000000000002 0.858500470420139 
19.34 0.8644660823169119 
19.35 0.8703711891636855 
19.36 0.8762152678069742 
19.37 0.8819978000487756 
19.38 0.8877182727004694 
19.39 0.8933761776381485 
19.400000000000002 0.8989710118592651 
19.41 0.9045022775406191 
19.42 0.909969482097479 
19.43 0.9153721382438452 
19.44 0.9207097640535883 
19.45 0.9259818830224565 
19.46 0.931188024130607 
19.47 0.9363277219056246 
19.48 0.9414005164857541 
19.490000000000002 0.946405953683178 
19.5 0.9513435850470889 
19.51 0.9562129679263942 
19.52 0.9610136655318489 
19.53 0.9657452469973158 
19.54 0.9704072874400655 
19.55 0.9749993680199172 
19.56 0.9795210759968839 
19.57 0.983972004787402 
19.580000000000002 0.9883517540187168 
19.59 0.9926599295815227 
19.6 0.9968961436805326 
19.61 1.001060014883006 
19.62 1.005151168165069 
19.63 1.0091692349557657 
19.64 1.0131138531787864 
19.650000000000002 1.0169846672918639 
19.66 1.0207813283237441 
19.67 1.024503493908838 
19.68 1.0281508283194645 
19.69 1.0317230024957933 
19.7 1.035219694073568 
19.71 1.0386405874095404 
19.72 1.0419853736049183 
19.73 1.0452537505267723 
19.740000000000002 1.0484454228275786 
19.75 1.051560101963045 
19.76 1.0545975062084114 
19.77 1.057557360673304 
19.78 1.0604393973154067 
19.79 1.063243354953132 
19.8 1.0659689792774338 
19.81 1.0686160228630786 
19.82 1.071184245179483 
19.830000000000002 1.0736734126014642 
19.84 1.0760832984200241 
19.85 1.0784136828534256 
19.86 1.0806643530588795 
19.87 1.082835103144913 
19.88 1.0849257341847698 
19.89 1.0869360542309585 
19.900000000000002 1.088865878331215 
19.91 1.0907150285460059 
19.92 1.0924833339677584 
19.93 1.0941706307419559 
19.94 1.09577676209017 
19.95 1.0973015783352305 
19.96 1.0987449369284132 
19.97 1.1001067024788427 
19.98 1.101386746784997 
19.990000000000002 1.1025849488682853 
20.0 1.103701195008642 
20.01 1.1047353787820027 
20.02 1.1056874010994815 
20.03 1.1065571702481 
20.04 1.1073446019327755 
20.05 1.1080496193193896 
20.06 1.108672153078528 
20.07 1.1092121414296696 
20.080000000000002 1.109669530185385 
20.09 1.1100442727952191 
20.1 1.1103363303888947 
20.11 1.1105456718183004 
20.12 1.1106722736980472 
20.13 1.1107161204439493 
20.14 1.1106772043092894 
20.150000000000002 1.1105555254181703 
20.16 1.1103510917958608 
20.17 1.1100639193955313 
20.18 1.1096940321212285 
20.19 1.1092414618466904 
20.2 1.1087062484297932 
20.21 1.108088439722365 
20.22 1.107388091575277 
20.23 1.1066052678386202 
20.240000000000002 1.1057400403569788 
20.25 1.1047924889597132 
20.26 1.1037627014464129 
20.27 1.1026507735675113 
20.28 1.1014568090003587 
20.29 1.1001809193208496 
20.3 1.098823223970964 
20.31 1.0973838502225544 
20.32 1.0958629331376675 
20.330000000000002 1.0942606155259065 
20.34 1.092577047899232 
20.35 1.0908123884246614 
20.36 1.0889668028754163 
20.37 1.087040464580986 
20.38 1.0850335543766279 
20.39 1.0829462605528288 
20.400000000000002 1.0807787788052987 
20.41 1.078531312185819 
20.42 1.0762040710546485 
20.43 1.0737972730347218 
20.44 1.0713111429681794 
20.45 1.0687459128755177 
20.46 1.066101821917694 
20.47 1.0633791163614599 
20.48 1.0605780495480963 
20.490000000000002 1.0576988818657203 
20.5 1.054741880725225 
20.51 1.0517073205399026 
20.52 1.0485954827086277 
20.53 1.0454066556026407 
20.54 1.0421411345555744 
20.55 1.0387992218566937 
20.56 1.0353812267469045 
20.57 1.0318874654173285 
20.580000000000002 1.0283182610100048 
20.59 1.02467394362033 
20.6 1.0209548503007746 
20.61 1.0171613250654743 
20.62 1.0132937188951094 
20.63 1.009352389741623 
20.64 1.005337702532357 
20.650000000000002 1.0012500291729172 
20.66 0.9970897485484495 
20.67 0.9928572465228026 
20.68 0.9885529159350466 
20.69 0.9841771565930684 
20.7 0.9797303752637002 
20.71 0.9752129856591835 
20.72 0.9706254084195076 
20.73 0.9659680710904742 
20.740000000000002 0.9612414080972683 
20.75 0.9564458607132456 
20.76 0.9515818770240119 
20.77 0.9466499118865901 
20.78 0.941650426883727 
20.79 0.9365838902733467 
20.8 0.9314507769333296 
20.81 0.9262515683015877 
20.82 0.9209867523117895 
20.830000000000002 0.9156568233248484 
20.84 0.9102622820564202 
20.85 0.9048036355008153 
20.86 0.8992813968514541 
20.87 0.8936960854183753 
20.88 0.8880482265430469 
20.89 0.8823383515109017 
20.900000000000002 0.876566997461917 
20.91 0.8707347072996959 
20.92 0.8648420295994022 
20.93 0.8588895185148798 
20.94 0.85287773368541 
20.95 0.8468072401424473 
20.96 0.8406786082166123 
20.97 0.8344924134453712 
20.98 0.8282492364816649 
20.990000000000002 0.8219496630037556 
21.0 0.815594283626604 
21.01 0.8091836938149801 
21.02 0.8027184937985522 
21.03 0.7961992884890909 
21.04 0.7896266874000013 
21.05 0.7830013045682707 
21.06 0.776323758478938 
21.07 0.7695946719921838 
21.080000000000002 0.7628146722730083 
21.09 0.755984390723594 
21.1 0.7491044629182768 
21.11 0.7421755285410937 
21.12 0.7351982313258395 
21.13 0.7281732189985191 
21.14 0.7211011432221008 
21.150000000000002 0.7139826595433807 
21.16 0.7068184273418122 
21.17 0.6996091097800994 
21.18 0.6923553737563625 
21.19 0.685057889857603 
21.2 0.6777173323142756 
21.21 0.67033437895565 
21.22 0.6629097111657655 
21.23 0.6554440138396179 
21.240000000000002 0.6479379753393759 
21.25 0.6403922874502574 
21.26 0.6328076453358591 
21.27 0.6251847474925945 
21.28 0.6175242957029948 
21.29 0.6098269949875803 
21.3 0.6020935535550571 
21.31 0.5943246827506244 
21.32 0.5865210970021003 
21.330000000000002 0.5786835137637248 
21.34 0.5708126534574801 
21.35 0.562909239411671 
21.36 0.5549739977967855 
21.37 0.5470076575584483 
21.38 0.539010950347442 
21.39 0.5309846104467828 
21.400000000000002 0.5229293746958681 
21.41 0.5148459824117066 
21.42 0.5067351753073632 
21.43 0.4985976974077332 
21.44 0.49043429496274604 
21.45 0.48224571635825314 
21.46 0.47403271202478153 
21.47 0.46579603434437633 
21.48 0.4575364375558403 
21.490000000000002 0.4492546776586353 
21.5 0.440951512315715 
21.51 0.4326277007556857 
21.52 0.4242840036745234 
21.53 0.4159211831372688 
21.54 0.4075400024799198 
21.55 0.3991412262119644 
21.56 0.3907256199197519 
21.57 0.3822939501710837 
21.580000000000002 0.3738469844212515 
21.59 0.36538549092081307 
21.6 0.35691023862530985 
21.61 0.3484219971071599 
21.62 0.3399215364698754 
21.63 0.33140962726475415 
21.64 0.3228870404101668 
21.650000000000002 0.31435454711347677 
21.66 0.30581291879567696 
21.67 0.2972629270186918 
21.68 0.2887053434153609 
21.69 0.28014093962200226 
21.7 0.27157048721348387 
21.71 0.2629947576406484 
21.72 0.25441452216997235 
21.73 0.2458305518252536 
21.740000000000002 0.23724361733114518 
21.75 0.22865448905831823 
21.76 0.22006393697001828 
21.77 0.21147273056979257 
21.78 0.20288163885012594 
21.79 0.19429143024174592 
21.8 0.1857028725633559 
21.81 0.17711673297154526 
21.82 0.16853377791063995 
21.830000000000002 0.15995477306227646 
21.84 0.15138048329448064 
21.85 0.14281167261005495 
21.86 0.13424910409408822 
21.87 0.12569353986044554 
21.88 0.11714574099706936 
21.89 0.10860646750999213 
21.900000000000002 0.10007647826595858 
21.91 0.09155653093357084 
21.92 0.08304738192291976 
21.93 0.07454978632365518 
21.94 0.06606449784149515 
21.95 0.057592268733176556 
21.96 0.04913384973988581 
21.97 0.04068999001921013 
21.98 0.03226143707567737 
21.990000000000002 0.02384893668996838 
22.0 0.015453232846890748 
22.01 0.007075067662226771 
22.02 -0.001284818691431728 
22.03 -0.00962568805973245 
22.04 -0.01794680438236514 
22.05 -0.02624743376947769 
22.06 -0.03452684457856592 
22.07 -0.04278430749169217 
22.080000000000002 -0.05101909559289334 
22.09 -0.05923048444562916 
22.1 -0.06741775217013972 
22.11 -0.07558017952057075 
22.12 -0.08371704996173746 
22.13 -0.09182764974540554 
22.14 -0.09991126798596739 
22.150000000000002 -0.10796719673540531 
22.16 -0.11599473105744314 
22.17 -0.12399316910078956 
22.18 -0.13196181217138933 
22.19 -0.13989996480361414 
22.2 -0.14780693483032328 
22.21 -0.15568203345174453 
22.22 -0.16352457530311776 
22.23 -0.17133387852109888 
22.240000000000002 -0.1791092648088544 
22.25 -0.18685005949987102 
22.26 -0.1945555916204517 
22.27 -0.20222519395091057 
22.28 -0.20985820308547815 
22.29 -0.21745395949092855 
22.3 -0.22501180756398026 
22.31 -0.23253109568746733 
22.32 -0.2400111762853669 
22.330000000000002 -0.24745140587670322 
22.34 -0.254851145128392 
22.35 -0.26220975890708603 
22.36 -0.26952661633009156 
22.37 -0.2768010908154014 
22.38 -0.2840325601309604 
22.39 -0.2912204064431827 
22.400000000000002 -0.29836401636483884 
22.41 -0.30546278100235985 
22.42 -0.31251609600265795 
22.43 -0.3195233615995097 
22.44 -0.32648398265958994 
22.45 -0.33339736872822345 
22.46 -0.3402629340749005 
22.47 -0.3470800977386384 
22.48 -0.3538482835732158 
22.490000000000002 -0.3605669202923374 
22.5 -0.36723544151476 
22.51 -0.37385328580941257 
22.52 -0.38041989674051707 
22.53 -0.3869347229127324 
22.54 -0.39339721801631305 
22.55 -0.3998068408722774 
22.56 -0.4061630554775528 
22.57 -0.41246533105009464 
22.580000000000002 -0.41871314207390126 
22.59 -0.4249059683439312 
22.6 -0.43104329501081046 
22.61 -0.43712461262531005 
22.62 -0.4431494171825233 
22.63 -0.4491172101656375 
22.64 -0.45502749858927893 
22.650000000000002 -0.4608797950422986 
22.66 -0.46667361772997273 
22.67 -0.4724084905155011 
22.68 -0.47808394296075823 
22.69 -0.4836995103661917 
22.7 -0.48925473380985524 
22.71 -0.49474916018545334 
22.72 -0.5001823422393938 
22.73 -0.5055538386067756 
22.740000000000002 -0.5108632138462906 
22.75 -0.5161100384739985 
22.76 -0.5212938889959645 
22.77 -0.5264143479397577 
22.78 -0.5314710038847887 
22.79 -0.536463451491528 
22.8 -0.5413912915296207 
22.81 -0.5462541309048895 
22.82 -0.5510515826853132 
22.830000000000002 -0.5557832661260215 
22.84 -0.5604488066932884 
22.85 -0.5650478360876898 
22.86 -0.569579992266404 
22.87 -0.5740449194647393 
22.88 -0.5784422682169693 
22.89 -0.5827716953765314 
22.900000000000002 -0.5870328641356723 
22.91 -0.591225444044558 
22.92 -0.5953491110299739 
22.93 -0.5994035474136377 
22.94 -0.6033884419301793 
22.95 -0.6073034897448789 
22.96 -0.611148392471148 
22.97 -0.6149228581878571 
22.98 -0.6186266014564917 
22.990000000000002 -0.6222593433382224 
23.0 -0.6258208114108587 
23.01 -0.6293107397857417 
23.02 -0.6327288691245433 
23.03 -0.6360749466560404 
23.04 -0.6393487261927862 
23.05 -0.6425499681477249 
23.06 -0.6456784395506903 
23.07 -0.6487339140648167 
23.080000000000002 -0.6517161720027521 
23.09 -0.6546250003427244 
23.1 -0.6574601927443657 
23.11 -0.6602215495642595 
23.12 -0.6629088778711263 
23.13 -0.6655219914606589 
23.14 -0.6680607108698973 
23.150000000000002 -0.6705248633909916 
23.16 -0.672914283084501 
23.17 -0.675228810791887 
23.18 -0.6774682941473142 
23.19 -0.6796325875885857 
23.2 -0.681721552367155 
23.21 -0.6837350565571175 
23.22 -0.6856729750631309 
23.23 -0.6875351896271362 
23.240000000000002 -0.6893215888338337 
23.25 -0.6910320681148336 
23.26 -0.6926665297514173 
23.27 -0.694224882875841 
23.28 -0.695707043471119 
23.29 -0.6971129343692801 
23.3 -0.6984424852480265 
23.31 -0.6996956326257908 
23.32 -0.7008723198551765 
23.330000000000002 -0.7019724971148116 
23.34 -0.7029961213995997 
23.35 -0.7039431565093848 
23.36 -0.7048135730361657 
23.37 -0.7056073483497899 
23.38 -0.7063244665823325 
23.39 -0.706964918611126 
23.400000000000002 -0.7075287020406233 
23.41 -0.7080158211831579 
23.42 -0.7084262870387296 
23.43 -0.7087601172739635 
23.44 -0.7090173362002975 
23.45 -0.7091979747516569 
23.46 -0.7093020704616071 
23.47 -0.7093296674402582 
23.48 -0.7092808163509351 
23.490000000000002 -0.7091555743868438 
23.5 -0.7089540052478159 
23.51 -0.7086761791171953 
23.52 -0.7083221726390994 
23.53 -0.7078920688960135 
23.54 -0.707385957386937 
23.55 -0.7068039340059894 
23.56 -0.706146101021705 
23.57 -0.7054125670569092 
23.580000000000002 -0.7046034470693118 
23.59 -0.7037188623327109 
23.6 -0.7027589404188936 
23.61 -0.7017238151801736 
23.62 -0.7006136267324661 
23.63 -0.6994285214389392 
23.64 -0.6981686518940899 
23.650000000000002 -0.6968341769081966 
23.66 -0.6954252614920239 
23.67 -0.6939420768417041 
23.68 -0.6923848003236291 
23.69 -0.6907536154592656 
23.7 -0.6890487119097632 
23.71 -0.6872702854601527 
23.72 -0.6854185380030957 
23.73 -0.6834936775219523 
23.740000000000002 -0.6814959180730749 
23.75 -0.6794254797671885 
23.76 -0.6772825887496909 
23.77 -0.6750674771797662 
23.78 -0.6727803832081893 
23.79 -0.670421550953704 
23.8 -0.667991230477817 
23.81 -0.6654896777580147 
23.82 -0.6629171546591958 
23.830000000000002 -0.6602739289033385 
23.84 -0.657560274037271 
23.85 -0.6547764693985701 
23.86 -0.6519228000794466 
23.87 -0.6489995568887139 
23.88 -0.6460070363117534 
23.89 -0.6429455404685196 
23.900000000000002 -0.639815377069589 
23.91 -0.63661685937034 
23.92 -0.6333503061232588 
23.93 -0.6300160415285061 
23.94 -0.626614395182789 
23.95 -0.6231457020266752 
23.96 -0.6196103022904589 
23.97 -0.616008541438725 
23.98 -0.6123407701137368 
23.990000000000002 -0.6086073440778615 
24.0 -0.6048086241551719 
24.01 -0.6009449761724132 
24.02 -0.5970167708995799 
24.03 -0.5930243839902565 
24.04 -0.5889681959219774 
24.05 -0.5848485919368154 
24.060000000000002 -0.5806659619824253 
24.07 -0.5764207006537667 
24.080000000000002 -0.5721132071357314 
24.09 -0.5677438851469337 
24.1 -0.5633131428848009 
24.11 -0.5588213929722514 
24.12 -0.5542690524061259 
24.13 -0.5496565425075581 
24.14 -0.5449842888744095 
24.150000000000002 -0.5402527213360221 
24.16 -0.5354622739102786 
24.17 -0.5306133847631683 
24.18 -0.5257064961708959 
24.19 -0.5207420544845661 
24.2 -0.5157205100974841 
24.21 -0.5106423174150164 
24.22 -0.5055079348270015 
24.23 -0.5003178246825696 
24.240000000000002 -0.49507245326732024 
24.25 -0.489772290782609 
24.26 -0.4844178113268399 
24.27 -0.47900949287848343 
24.28 -0.47354781728060397 
24.29 -0.46803327022656915 
24.3 -0.46246634124669284 
24.310000000000002 -0.4568475236954314 
24.32 -0.45117731473882206 
24.330000000000002 -0.4454562153417887 
24.34 -0.4396847302549412 
24.35 -0.4338633680005132 
24.36 -0.4279926408570592 
24.37 -0.4220730648425657 
24.38 -0.41610515969559886 
24.39 -0.41008944885418 
24.400000000000002 -0.4040264594321127 
24.41 -0.39791672219243485 
24.42 -0.39176077151779043 
24.43 -0.38555914537754404 
24.44 -0.3793123852914357 
24.45 -0.37302103628972594 
24.46 -0.36668564686972216 
24.47 -0.36030676894874963 
24.48 -0.35388495781354606 
24.490000000000002 -0.34742077206625127 
24.5 -0.34091477356710465 
24.51 -0.33436752737408904 
24.52 -0.3277796016797413 
24.53 -0.3211515677454937 
24.54 -0.314483999833813 
24.55 -0.30777747513858805 
24.560000000000002 -0.30103257371411035 
24.57 -0.2942498784031376 
24.580000000000002 -0.28742997476442017 
24.59 -0.2805734510002361 
24.6 -0.2736808978842693 
24.61 -0.2667529086904213 
24.62 -0.2597900791228692 
24.63 -0.25279300724786247 
24.64 -0.2457622934276197 
24.650000000000002 -0.23869854025667472 
24.66 -0.23160235250099737 
24.67 -0.2244743370401451 
24.68 -0.2173151028126712 
24.69 -0.21012526076495142 
24.7 -0.2029054238035419 
24.71 -0.19565620675112227 
24.72 -0.1883782263060125 
24.73 -0.18107210100522167 
24.740000000000002 -0.17373845119089357 
24.75 -0.16637789898000732 
24.76 -0.15899106823709092 
24.77 -0.15157858454972062 
24.78 -0.1441410752064805 
24.79 -0.1366791691770714 
24.8 -0.12919349709419753 
24.810000000000002 -0.12168469123685843 
24.82 -0.11415338551464566 
24.830000000000002 -0.10660021545264937 
24.84 -0.0990258181765574 
24.85 -0.0914308323975609 
24.86 -0.08381589839666312 
24.87 -0.07618165800803653 
24.88 -0.0685287546010581 
24.89 -0.060857833060715724 
24.900000000000002 -0.05316953976608019 
24.91 -0.04546452256658997 
24.92 -0.037743430755922264 
24.93 -0.030006915043264047 
24.94 -0.022255627521839662 
24.95 -0.014490221634587703 
24.96 -0.006711352136916928 
24.97 0.0010803249434821307 
24.98 0.008884152349766989 
24.990000000000002 0.016699471641967976 
25.0 0.02452562324583522 
25.01 0.032361946504401384 
25.02 0.040207779732133034 
25.03 0.0480624602715123 
25.04 0.055925324551882795 
25.05 0.06379570815036469 
25.060000000000002 0.07167294585464674 
25.07 0.07955637172743808 
25.080000000000002 0.08744531917237579 
25.09 0.0953391210011596 
25.1 0.10323710950171121 
25.11 0.1111386165071387 
25.12 0.11904297346529528 
25.13 0.1269495115087462 
25.14 0.13485756152493428 
25.150000000000002 0.14276645422638617 
25.16 0.15067552022076355 
25.17 0.1585840900806306 
25.18 0.16649149441276104 
25.19 0.17439706392688523 
25.2 0.18230012950372973 
25.21 0.19020002226224997 
25.22 0.1980960736259732 
25.23 0.2059876153883408 
25.240000000000002 0.21387397977700578 
25.25 0.22175449951699774 
25.26 0.2296285078927272 
25.27 0.23749533880877094 
25.28 0.24535432684941544 
25.29 0.25320480733693607 
25.3 0.261046116388604 
25.310000000000002 0.26887759097241154 
25.32 0.27669856896154504 
25.330000000000002 0.28450838918758903 
25.34 0.2923063914925361 
25.35 0.30009191677960195 
25.36 0.30786430706292683 
25.37 0.315622905516203 
25.38 0.32336705652031367 
25.39 0.33109610571007947 
25.400000000000002 0.3388094000201697 
25.41 0.3465062877303149 
25.42 0.35418611850994275 
25.43 0.36184824346232075 
25.44 0.3694920151683911 
25.45 0.3771167877303891 
25.46 0.3847219168154328 
25.47 0.3923067596992024 
25.48 0.39987067530987835 
25.490000000000002 0.4074130242724783 
25.5 0.4149331689537643 
25.51 0.4224304735078385 
25.52 0.4299043039225762 
25.53 0.4373540280670302 
25.54 0.44477901573991957 
25.55 0.4521786387192821 
25.560000000000002 0.45955227081341354 
25.57 0.46689928791312985 
25.580000000000002 0.47421906804537667 
25.59 0.48151099142827214 
25.6 0.48877444052749436 
25.61 0.4960088001140378 
25.62 0.5032134573232924 
25.63 0.5103878017152957 
25.64 0.517531225336141 
25.650000000000002 0.5246431227803561 
25.66 0.5317228912541025 
25.67 0.5387699306390675 
25.68 0.5457836435568257 
25.69 0.5527634354334554 
25.7 0.5597087145642637 
25.71 0.5666188921783338 
25.72 0.5734933825027166 
25.73 0.5803316028260228 
25.740000000000002 0.5871329735612463 
25.75 0.5938969183075549 
25.76 0.6006228639109132 
25.77 0.6073102405233636 
25.78 0.613958481660765 
25.79 0.6205670242589767 
25.8 0.6271353087282421 
25.810000000000002 0.6336627790058774 
25.82 0.6401488826070785 
25.830000000000002 0.6465930706739457 
25.84 0.6529947980227244 
25.85 0.6593535231893222 
25.86 0.6656687084731808 
25.87 0.6719398199796935 
25.88 0.678166327661182 
25.89 0.6843477053567756 
25.900000000000002 0.6904834308312197 
25.91 0.6965729858129266 
25.92 0.7026158560314181 
25.93 0.7086115312544199 
25.94 0.7145595053247825 
25.95 0.7204592761974874 
25.96 0.7263103459768862 
25.97 0.7321122209544203 
25.98 0.7378644116469099 
25.990000000000002 0.743566432835644 
26.0 0.7492178036063096 
26.01 0.7548180473898719 
26.02 0.7603666920044728 
26.03 0.7658632696983331 
26.04 0.7713073171936469 
26.05 0.7766983757314242 
26.060000000000002 0.7820359911171814 
26.07 0.7873197137673149 
26.080000000000002 0.7925490987560976 
26.09 0.7977237058629838 
26.1 0.8028430996201257 
26.11 0.8079068493597791 
26.12 0.8129145292614188 
26.13 0.8178657183982457 
26.14 0.8227600007828719 
26.150000000000002 0.8275969654118517 
26.16 0.8323762063088943 
26.17 0.8370973225663856 
26.18 0.8417599183851078 
26.19 0.8463636031118386 
26.2 0.850907991274744 
26.21 0.8553927026163114 
26.22 0.8598173621237751 
26.23 0.8641816000569456 
26.240000000000002 0.8684850519733224 
26.25 0.8727273587505999 
26.26 0.8769081666065215 
26.27 0.8810271271161942 
26.28 0.8850838972269676 
26.29 0.8890781392710644 
26.3 0.8930095209761315 
26.310000000000002 0.8968777154739449 
26.32 0.9006824013075339 
26.330000000000002 0.9044232624370008 
26.34 0.9080999882443433 
26.35 0.9117122735376086 
26.36 0.9152598185546634 
26.37 0.9187423289669576 
26.38 0.9221595158836066 
26.39 0.925511095856071 
26.400000000000002 0.9287967908838064 
26.41 0.9320163284211077 
26.42 0.9351694413854625 
26.43 0.9382558681676645 
26.44 0.9412753526437937 
26.45 0.944227644189407 
26.46 0.9471124976959172 
26.47 0.9499296735893268 
26.48 0.9526789378514122 
26.490000000000002 0.9553600620432627 
26.5 0.9579728233312584 
26.51 0.960517004515364 
26.52 0.9629923940595913 
26.53 0.9653987861246224 
26.54 0.967735980602231 
26.55 0.9700037831514313 
26.560000000000002 0.9722020052360704 
26.57 0.9743304641635472 
26.580000000000002 0.9763889831244522 
26.59 0.9783773912327705 
26.6 0.9802955235663757 
26.61 0.98214322120746 
26.62 0.9839203312825426 
26.63 0.9856267070018637 
26.64 0.9872622076976916 
26.650000000000002 0.988826698861355 
26.66 0.9903200521786155 
26.67 0.9917421455632286 
26.68 0.9930928631882673 
26.69 0.9943720955151631 
26.7 0.9955797393201575 
26.71 0.9967156977179568 
26.72 0.9977798801825672 
26.73 0.9987722025650623 
26.740000000000002 0.9996925871083133 
26.75 1.0005409624585366 
26.76 1.0013172636737042 
26.77 1.0020214322287972 
26.78 1.0026534160179477 
26.79 1.0032131693535653 
26.8 1.0037006529624932 
26.810000000000002 1.004115833979423 
26.82 1.004458685937569 
26.830000000000002 1.0047291887569565 
26.84 1.0049273287303528 
26.85 1.0050530985072121 
26.86 1.0051064970757182 
26.87 1.0050875297433208 
26.88 1.0049962081159025 
26.89 1.0048325500759405 
26.900000000000002 1.0045965797598686 
26.91 1.0042883275350023 
26.92 1.0039078299762036 
26.93 1.0034551298427425 
26.94 1.0029302760554366 
26.95 1.002333323674479 
26.96 1.0016643338782425 
26.97 1.0009233739432175 
26.98 1.0001105172253861 
26.990000000000002 0.9992258431433327 
27.0 0.9982694371631818 
27.01 0.9972413907856371 
27.02 0.9961418015352643 
27.03 0.9949707729522254 
27.04 0.9937284145864742 
27.05 0.9924148419945948 
27.060000000000002 0.9910301767393075 
27.07 0.9895745463916766 
27.080000000000002 0.9880480845360012 
27.09 0.9864509307773811 
27.1 0.984783230751802 
27.11 0.9830451361387037 
27.12 0.9812368046758784 
27.13 0.9793584001764024 
27.14 0.9774100925475563 
27.150000000000002 0.975392057811268 
27.16 0.9733044781260501 
27.17 0.9711475418097505 
27.18 0.9689214433632345 
27.19 0.9666263834941748 
27.2 0.964262569140892 
27.21 0.9618302134956848 
27.22 0.9593295360272743 
27.23 0.9567607625019656 
27.240000000000002 0.9541241250030958 
27.25 0.9514198619483425 
27.26 0.9486482181045196 
27.27 0.9458094445994648 
27.28 0.9429037989306731 
27.29 0.9399315449703075 
27.3 0.9368929529663433 
27.310000000000002 0.9337882995394963 
27.32 0.9306178676758354 
27.330000000000002 0.9273819467147854 
27.34 0.9240808323324649 
27.35 0.9207148265202862 
27.36 0.9172842375587241 
27.37 0.9137893799863724 
27.38 0.9102305745643585 
27.39 0.9066081482361819 
27.400000000000002 0.9029224340832918 
27.41 0.8991737712765329 
27.42 0.8953625050238366 
27.43 0.8914889865144562 
27.44 0.8875535728600906 
27.45 0.88355662703339 
27.46 0.8794985178041825 
27.47 0.8753796196739265 
27.48 0.8712003128088843 
27.490000000000002 0.8669609829724267 
27.5 0.8626620214570047 
27.51 0.8583038250162667 
27.52 0.8538867957977194 
27.53 0.8494113412764489 
27.54 0.8448778741902517 
27.55 0.8402868124765972 
27.560000000000002 0.8356385792117659 
27.57 0.83093360255241 
27.580000000000002 0.826172315679865 
27.59 0.8213551567473356 
27.6 0.8164825688301869 
27.61 0.8115549998793544 
27.62 0.8065729026779688 
27.63 0.8015367348011478 
27.64 0.7964469585788962 
27.650000000000002 0.7913040410620034 
27.66 0.786108453990721 
27.67 0.7808606737660632 
27.68 0.7755611814234098 
27.69 0.7702104626081762 
27.7 0.7648090075531535 
27.71 0.7593573110572059 
27.72 0.7538558724649616 
27.73 0.7483051956470357 
27.740000000000002 0.7427057889804979 
27.75 0.7370581653290624 
27.76 0.7313628420227162 
27.77 0.725620340836311 
27.78 0.7198311879667819 
27.79 0.7139959140086911 
27.8 0.7081150539276723 
27.810000000000002 0.7021891470315663 
27.82 0.6962187369389274 
27.830000000000002 0.690204371544703 
27.84 0.6841466029828973 
27.85 0.6780459875860024 
27.86 0.67190308584119 
27.87 0.6657184623430882 
27.88 0.6594926857431382 
27.89 0.6532263286955641 
27.900000000000002 0.646919967799937 
27.91 0.6405741835404379 
27.92 0.6341895602219232 
27.93 0.6277666859028662 
27.94 0.6213061523254392 
27.95 0.6148085548427739 
27.96 0.6082744923437272 
27.97 0.6017045671752795 
27.98 0.5950993850628133 
27.990000000000002 0.5884595550285262 
28.0 0.5817856893081848 
28.01 0.5750784032664901 
28.02 0.5683383153112719 
28.03 0.5615660468067839 
28.04 0.5547622219863065 
28.05 0.5479274678642903 
28.060000000000002 0.5410624141483072 
28.07 0.5341676931509379 
28.080000000000002 0.527243939701882 
28.09 0.5202917910604553 
28.1 0.5133118868286061 
28.11 0.5063048688647024 
28.12 0.49927138119817244 
28.13 0.492212069945197 
28.14 0.48512758322555216 
28.150000000000002 0.478018571080703 
28.16 0.4708856853933269 
28.17 0.46372957980827095 
28.18 0.4565509096550926 
28.19 0.4493503318722146 
28.2 0.4421285049327761 
28.21 0.4348860887722158 
28.22 0.4276237447175993 
28.23 0.42034213541876786 
28.240000000000002 0.4130419247812415 
28.25 0.4057237779009407 
28.26 0.3983883610006571 
28.27 0.39103634136827636 
28.28 0.3836683872966789 
28.29 0.37628516802527273 
28.3 0.3688873536830843 
28.310000000000002 0.36147561523330873 
28.32 0.35405062441921087 
28.330000000000002 0.34661305371128587 
28.34 0.3391635762555019 
28.35 0.3317028658225194 
28.36 0.3242315967577134 
28.37 0.316750443931827 
28.38 0.3092600826920823 
28.39 0.30176118881356895 
28.400000000000002 0.29425443845071125 
28.41 0.28674050808862517 
28.42 0.27922007449416325 
28.43 0.27169381466646897 
28.44 0.2641624057868278 
28.45 0.25662652516764445 
28.46 0.24908685020038246 
28.47 0.24154405830227565 
28.48 0.23399882686169454 
28.490000000000002 0.22645183318200915 
28.5 0.2189037544238612 
28.51 0.21135526754573225 
28.52 0.2038070492427545 
28.53 0.19625977588371876 
28.54 0.1887141234462469 
28.55 0.18117076745015426 
28.560000000000002 0.17363038288901603 
28.57 0.16609364416000727 
28.580000000000002 0.15856122499209555 
28.59 0.15103379837268632 
28.6 0.14351203647285396 
28.61 0.13599661057130877 
28.62 0.12848819097725897 
28.63 0.120987446952357 
28.64 0.11349504663191938 
28.650000000000002 0.10601165694563028 
28.66 0.09853794353793534 
28.67 0.09107457068834415 
28.68 0.08362220123186051 
28.69 0.07618149647974681 
28.7 0.06875311614084241 
28.71 0.06133771824362367 
28.72 0.053935959059206166 
28.73 0.046548493025461206 
28.740000000000002 0.039175972672402526 
28.75 0.03181904854899994 
28.76 0.024478369151532103 
28.77 0.017154580853591755 
28.78 0.009848327837827776 
28.79 0.002560252029486814 
28.8 -0.00470900696819963 
28.810000000000002 -0.01195881193675974 
28.82 -0.01918852810335461 
28.830000000000002 -0.026397523199794826 
28.84 -0.03358516751973337 
28.85 -0.040750833974086666 
28.86 -0.047893898144745164 
28.87 -0.055013738336654364 
28.88 -0.0621097356283567 
28.89 -0.06918127392108851 
28.900000000000002 -0.07622773998654693 
28.91 -0.08324852351343404 
28.92 -0.09024301715289866 
28.93 -0.09721061656299629 
28.94 -0.1041507204522867 
28.95 -0.1110627306226895 
28.96 -0.11794605201171691 
28.97 -0.12480009273419794 
28.98 -0.13162426412359868 
28.990000000000002 -0.13841798077305376 
29.0 -0.1451806605761941 
29.01 -0.15191172476786274 
29.02 -0.15861059796480834 
29.03 -0.16527670820641294 
29.04 -0.1719094869955365 
29.05 -0.17850836933951145 
29.060000000000002 -0.18507279379134528 
29.07 -0.19160220249115506 
29.080000000000002 -0.1980960412078667 
29.09 -0.20455375938118572 
29.1 -0.2109748101638434 
29.11 -0.2173586504641188 
29.12 -0.2237047409886183 
29.13 -0.23001254628528345 
29.14 -0.23628153478662334 
29.150000000000002 -0.2425111788530797 
29.16 -0.24870095481653734 
29.17 -0.2548503430238968 
29.18 -0.26095882788064123 
29.19 -0.26702589789436587 
29.2 -0.2730510457181764 
29.21 -0.27903376819389847 
29.22 -0.28497356639501653 
29.23 -0.2908699456692797 
29.240000000000002 -0.2967224156808848 
29.25 -0.30253049045216823 
29.26 -0.30829368840474214 
29.27 -0.3140115323999627 
29.28 -0.31968354977872443 
29.29 -0.3253092724004472 
29.3 -0.3308882366812426 
29.310000000000002 -0.3364199836311591 
29.32 -0.3419040588905021 
29.330000000000002 -0.34734001276512033 
29.34 -0.35272740026068905 
29.35 -0.35806578111588117 
29.36 -0.3633547198344725 
29.37 -0.3685937857162864 
29.38 -0.37378255288704704 
29.39 -0.37892060032706004 
29.400000000000002 -0.3840075118987866 
29.41 -0.3890428763732914 
29.42 -0.39402628745556423 
29.43 -0.3989573438088202 
29.44 -0.40383564907771347 
29.45 -0.40866081191057396 
29.46 -0.41343244598070766 
29.47 -0.41815017000677873 
29.48 -0.42281360777237814 
29.490000000000002 -0.4274223881448204 
29.5 -0.4319761450932412 
29.51 -0.43647451770607304 
29.52 -0.4409171502079689 
29.53 -0.44530369197627795 
29.54 -0.4496337975571025 
29.55 -0.45390712668106825 
29.560000000000002 -0.4581233442788808 
29.57 -0.46228212049669676 
29.580000000000002 -0.46638313071145837 
29.59 -0.47042605554621897 
29.6 -0.4744105808855299 
29.61 -0.47833639789097526 
29.62 -0.48220320301689973 
29.63 -0.48601069802637187 
29.64 -0.48975859000743277 
29.650000000000002 -0.4934465913896811 
29.66 -0.4970744199611975 
29.67 -0.5006417988858162 
29.68 -0.5041484567208057 
29.69 -0.5075941274348744 
29.7 -0.5109785504265487 
29.71 -0.514301470542884 
29.72 -0.5175626380984436 
29.73 -0.5207618088945325 
29.740000000000002 -0.5238987442386401 
29.75 -0.5269732109639708 
29.76 -0.5299849814490504 
29.77 -0.5329338336372973 
29.78 -0.5358195510564715 
29.79 -0.5386419228379231 
29.8 -0.5414007437355215 
29.810000000000002 -0.5440958141441854 
29.82 -0.5467269401178981 
29.830000000000002 -0.5492939333871335 
29.84 -0.5517966113755289 
29.85 -0.5542347972158184 
29.86 -0.5566083197648011 
29.87 -0.5589170136173922 
29.88 -0.5611607191195602 
29.89 -0.5633392823801905 
29.900000000000002 -0.56545255528175 
29.91 -0.5675003954897052 
29.92 -0.5694826664607288 
29.93 -0.5713992374495962 
29.94 -0.5732499835148289 
29.95 -0.5750347855230676 
29.96 -0.5767535301521903 
29.97 -0.5784061098932625 
29.98 -0.5799924230513424 
29.990000000000002 -0.5815123737451887 
